
13077081
13078001
13078009
13078011
13078012
13079033
13079073
13080001
13080002
13080004
13080005
13080011
13080013
13080014
13080015
13080085
13080088
13080089
13080090
13080091
13080092
13080093
13080094
13080095
13080096
13080097
13081004
13081005
13081007
13083069
13083070
13083074
13090005
13090006
13090007
13090008
13090011
13090015
13090016
13090017
13090018
13090019
13090021
13090022
13090023
13090035
13090038
13090050
13091005
13095043
13096005
13103004
13103011
13103016
13105038
13107003
13108031
13130034
13132023
14122058
14122061
14123025
14123029
14123030
14123076
14123077
14124001
14124003
14124005
14124006
14124007
14124026
14124029
14124036
14129026
14130033
14130034
14132011
14132023
14132046
14132061
14136010
14136012
14137021
14138020
14138041
14138044
14138051
14138052
14138060
14138061
14139015
14139016
14139017
14139018
14139019
14139021
14139022
14139023
14139058
14139068
14139069
14139071
14140002
14140014
14140024
14140025
14140028
14140029
14140030
14140043
14141015
14141016
14141018
14141019
14141020
14141022
14141023
14141025
14141045
14141046
14142004
14143081
14143091
14143092
14145022
14145023
14145025
14145028
14145036
14145038
14145039
14145040
14145080
14146055
14147005
14147007
14147008
14147009
14147011
14147012
14147014
14148066
14148067
14149033
14150130
14151042
14152020
14152049
14156003
