0 13075045 16570 1.014410
1 13076005 16570 1.014301
2 13076006 16570 1.014129
3 13076011 16570 1.014109
4 13076015 16570 1.014052
5 13076017 16570 1.013950
6 13076018 16570 1.013926
7 13076019 16570 1.013857
8 13076020 16570 1.013789
9 13076022 16570 1.013766
10 13077068 16582 0.975088
11 13077069 16582 0.975181
12 13077070 16582 0.975242
13 13077073 16582 0.975358
14 13077075 16582 0.975445
15 13077081 16582 0.975438
16 13078001 16582 0.975450
17 13078003 16582 0.975495
18 13078004 16582 0.975459
19 13078006 16582 0.975492
20 13078007 16582 0.975407
21 13078009 16582 0.975178
23 13078012 16582 0.975375
24 13078014 16582 0.975461
25 13078035 16586 1.023488
26 13078036 16586 1.023423
27 13078040 16586 1.023384
28 13078042 16586 1.023480
29 13078045 16586 1.023440
30 13078051 16586 1.023405
31 13078052 16586 1.023450
32 13078054 16586 1.023512
33 13078055 16586 1.023376
34 13078057 16586 1.023448
35 13078058 16586 1.023482
36 13078060 16586 1.023474
37 13079020 16587 0.993531
38 13079021 16587 0.993838
39 13079022 16587 0.994125
40 13079023 16587 0.994546
41 13079029 16587 0.995891
42 13079031 16587 0.996009
43 13079032 16587 0.996142
44 13079033 16587 0.996262
45 13079034 16587 0.996390
46 13079035 16587 0.996475
47 13079036 16587 0.996494
48 13079037 16587 0.996662
49 13079038 16587 0.996812
50 13079044 16587 0.997945
51 13079073 16592 0.955485
52 13079074 16592 0.955409
53 13079075 16592 0.955366
54 13079076 16592 0.955472
55 13079077 16592 0.955444
56 13079079 16592 0.955723
57 13080001 16592 0.955731
58 13080002 16592 0.955824
59 13080003 16592 0.955967
60 13080004 16592 0.955918
61 13080005 16592 0.956028
62 13080010 16593 1.041450
63 13080011 16593 1.041206
64 13080013 16593 1.040881
65 13080014 16593 1.040580
66 13080015 16593 1.040301
67 13080080 16594 0.955464
68 13080083 16594 0.955198
69 13080084 16594 0.955137
71 13080086 16594 0.954907
72 13080088 16594 0.954737
73 13080089 16594 0.954625
74 13080090 16594 0.954298
75 13080091 16594 0.954222
76 13080092 16594 0.954215
77 13080093 16594 0.954129
78 13080094 16594 0.954108
79 13080095 16594 0.954114
80 13080096 16594 0.953803
81 13080097 16594 0.953633
82 13081004 16597 1.055697
83 13081005 16597 1.056188
84 13081007 16597 1.056449
85 13081020 16602 1.064784
86 13082001 16602 1.064597
87 13082002 16602 1.064424
88 13082003 16602 1.064422
89 13082004 16602 1.064220
90 13082005 16602 1.064004
91 13082006 16602 1.063999
92 13082007 16602 1.063959
93 13082008 16602 1.063901
94 13082009 16602 1.063747
95 13082010 16602 1.063613
96 13082011 16602 1.063455
97 13082014 16602 1.063473
98 13083069 16619 0.958639
99 13083070 16619 0.958820
100 13083074 16619 0.958792
101 13083082 16619 0.958783
102 13083084 16619 0.958834
103 13084001 16619 0.958787
104 13084004 16619 0.958687
105 13084007 16619 0.958450
106 13084008 16619 0.958438
107 13084027 16620 0.954921
108 13084028 16620 0.954803
109 13084032 16620 0.954671
110 13084034 16620 0.954850
111 13084035 16620 0.954720
112 13084036 16620 0.954772
113 13084037 16620 0.954706
114 13084038 16620 0.954705
115 13084039 16620 0.954594
116 13084040 16620 0.954496
117 13084041 16620 0.954431
118 13084051 16622 0.957251
119 13085003 16622 0.957308
120 13085004 16622 0.957213
121 13085005 16622 0.957226
122 13085006 16622 0.957178
123 13085007 16622 0.957250
124 13085008 16622 0.957333
125 13085009 16622 0.957354
126 13085010 16622 0.957444
127 13085011 16622 0.957434
128 13085028 16625 1.028318
129 13085029 16625 1.028111
130 13085030 16625 1.027941
131 13085031 16625 1.027786
132 13085032 16625 1.027740
133 13085033 16625 1.027622
134 13085034 16625 1.027407
135 13085035 16625 1.027341
136 13085036 16625 1.027272
137 13085041 16625 1.027156
138 13085046 16625 1.026994
139 13085047 16625 1.026914
140 13085050 16625 1.026858
141 13085060 16626 0.955342
142 13085061 16626 0.955085
143 13086002 16626 0.954848
144 13086003 16626 0.954719
145 13086065 16627 1.041349
146 13086067 16627 1.041578
147 13086068 16627 1.041641
148 13086069 16627 1.041671
149 13086070 16627 1.041714
150 13086071 16627 1.041765
151 13086072 16627 1.041743
152 13086073 16627 1.041754
153 13086078 16627 1.041756
154 13086079 16627 1.041806
155 13086080 16627 1.041800
156 13086081 16627 1.041761
157 13086082 16627 1.041837
158 13086083 16627 1.041743
159 13086085 16627 1.041848
160 13086087 16627 1.041908
161 13086088 16627 1.041890
162 13089024 16643 0.953557
163 13089025 16643 0.953566
164 13089027 16643 0.953530
170 13090013 16650 1.027399
179 13090035 16655 0.936946
180 13090038 16655 0.936575
181 13090039 16655 0.936401
182 13090040 16655 0.936183
183 13090043 16655 0.936175
184 13090048 16655 0.935966
185 13090049 16655 0.935848
186 13090050 16655 0.935745
187 13091005 16655 0.935641
188 13091009 16655 0.935494
189 13091011 16655 0.935434
190 13091012 16655 0.935349
191 13091019 16656 1.028665
192 13091020 16656 1.028623
193 13091023 16656 1.028529
194 13091024 16656 1.028514
195 13091025 16656 1.028566
196 13091027 16656 1.028522
197 13091032 16656 1.028588
198 13091033 16656 1.028509
199 13091034 16656 1.028561
200 13091035 16656 1.028506
201 13091036 16656 1.028597
202 13091037 16656 1.028617
203 13091038 16656 1.028586
204 13092005 16659 0.976818
205 13092006 16659 0.976703
206 13092007 16659 0.976697
207 13092008 16659 0.976672
208 13092036 16662 1.047227
209 13092037 16662 1.047307
210 13092038 16662 1.047415
211 13092039 16662 1.047420
212 13092040 16662 1.047522
213 13092042 16662 1.047510
214 13092044 16662 1.047559
215 13092045 16662 1.047690
216 13092046 16662 1.047569
217 13092047 16662 1.047771
218 13093015 16667 0.967776
219 13093017 16667 0.967761
220 13093018 16667 0.967873
221 13093020 16667 0.967927
222 13093021 16667 0.967907
223 13093023 16667 0.967974
224 13093024 16667 0.968057
225 13093029 16667 0.967881
226 13093030 16667 0.967906
227 13093034 16667 0.967929
228 13093035 16667 0.967935
229 13093036 16667 0.967926
230 13093038 16667 0.967932
231 13093044 16668 0.934445
232 13093045 16668 0.934490
233 13093046 16668 0.934452
234 13094001 16668 0.934503
235 13094003 16668 0.934556
236 13094004 16668 0.934534
237 13094005 16668 0.934550
238 13094007 16668 0.934515
239 13094009 16668 0.934641
240 13094011 16668 0.934507
241 13094013 16668 0.934471
242 13094014 16668 0.934510
243 13094015 16668 0.934412
244 13094016 16668 0.934389
245 13094017 16668 0.934289
246 13094018 16668 0.934305
247 13094019 16668 0.934270
248 13094020 16668 0.934310
249 13094021 16668 0.934305
250 13094045 16669 1.066010
251 13094050 16669 1.066131
252 13094052 16669 1.066296
253 13094053 16669 1.066381
254 13094054 16669 1.066448
255 13094081 16671 0.944587
256 13094082 16671 0.944738
257 13095017 16671 0.946012
259 13095045 16678 1.052221
260 13095046 16678 1.052384
261 13095049 16678 1.052343
262 13096001 16678 1.052263
263 13096003 16678 1.052310
264 13096004 16678 1.052447
265 13096005 16678 1.052533
266 13096060 16685 0.979115
267 13096061 16685 0.979927
268 13096062 16685 0.980549
269 13096063 16685 0.981124
270 13096064 16685 0.981693
271 13096065 16685 0.981736
272 13096066 16685 0.981920
273 13096069 16685 0.983557
274 13096070 16685 0.984218
275 13097001 16685 0.984702
276 13097002 16685 0.985208
277 13097003 16685 0.985633
278 13097004 16685 0.985944
279 13097005 16685 0.986254
280 13097006 16685 0.986555
281 13097007 16685 0.986788
282 13097021 16686 1.025703
283 13097022 16686 1.025498
284 13097023 16686 1.025167
285 13097024 16686 1.024880
286 13097026 16686 1.024548
287 13097027 16686 1.024389
288 13097028 16686 1.024348
289 13097029 16686 1.024218
290 13097032 16686 1.023831
291 13097033 16686 1.023588
292 13097034 16686 1.023378
293 13097035 16686 1.023212
294 13097036 16686 1.023050
295 13097037 16686 1.022939
296 13097038 16686 1.022793
297 13097039 16686 1.022671
298 13100001 16697 1.062596
299 13100002 16697 1.062625
300 13100003 16697 1.062642
301 13100004 16697 1.062702
302 13100005 16697 1.062683
303 13100006 16697 1.062716
304 13100008 16697 1.062594
305 13100009 16697 1.062674
306 13100010 16697 1.062617
307 13100011 16697 1.062608
308 13100012 16697 1.062572
309 13100013 16697 1.062622
310 13100014 16697 1.062568
311 13100015 16697 1.062515
312 13100025 16698 1.037623
313 13100026 16698 1.037337
314 13100027 16698 1.036974
315 13100029 16698 1.036766
316 13100030 16698 1.036822
317 13100031 16698 1.037021
318 13100032 16698 1.037027
319 13100033 16698 1.037124
320 13100034 16698 1.037232
321 13100035 16698 1.037287
322 13100037 16698 1.037186
323 13100038 16698 1.037158
324 13100039 16698 1.037195
325 13100040 16698 1.037215
326 13100041 16698 1.037195
327 13100042 16698 1.037211
328 13100049 16699 0.947537
329 13100053 16699 0.947932
330 13100054 16699 0.948202
331 13100055 16699 0.948577
332 13100056 16699 0.949054
333 13100057 16699 0.949283
334 13100060 16699 0.949644
335 13101001 16699 0.949801
336 13101002 16699 0.950076
337 13101003 16699 0.950237
338 13101004 16699 0.950291
339 13101005 16699 0.950227
340 13101006 16699 0.950029
341 13101007 16699 0.950009
342 13101013 16701 0.963367
343 13101014 16701 0.963417
344 13101015 16701 0.963506
345 13101021 16701 0.963579
346 13101024 16701 0.963415
347 13101026 16701 0.963171
348 13101027 16701 0.963081
349 13101038 16704 1.056653
350 13101039 16704 1.057086
351 13101040 16704 1.057185
352 13101041 16704 1.057131
353 13101042 16704 1.057020
354 13101043 16704 1.056732
355 13101044 16704 1.056443
356 13101045 16704 1.056345
357 13101047 16704 1.055903
358 13101048 16704 1.055648
359 13101049 16704 1.055546
360 13101050 16704 1.055278
361 13101058 16705 1.015663
362 13101060 16705 1.016558
363 13104003 16716 0.964579
364 13104004 16716 0.964372
365 13104008 16716 0.964093
366 13104009 16716 0.964048
367 13104011 16716 0.963905
368 13104012 16716 0.963924
369 13104013 16716 0.963955
370 13104014 16716 0.963769
371 13104018 16717 1.055321
372 13104019 16717 1.054626
373 13104022 16717 1.053919
374 13104043 16720 1.050239
375 13104044 16720 1.050387
376 13104045 16720 1.050948
377 13104046 16720 1.051388
378 13104047 16720 1.051606
379 13104050 16720 1.051814
380 13104051 16720 1.051898
381 13104052 16720 1.051990
382 13104054 16720 1.052132
383 13104056 16720 1.052182
384 13104057 16720 1.052277
385 13104058 16720 1.052217
386 13104059 16720 1.052403
387 13104060 16720 1.052344
388 13104061 16720 1.052324
389 13105006 16722 0.954011
390 13105007 16722 0.954056
391 13105008 16722 0.954023
392 13105009 16722 0.953968
393 13105010 16722 0.953840
394 13105011 16722 0.953791
395 13105012 16722 0.953697
396 13105014 16722 0.953673
397 13105015 16722 0.953657
398 13105016 16722 0.953665
399 13105017 16722 0.953669
400 13105018 16722 0.953677
401 13105022 16722 0.953832
402 13105038 16723 0.991669
403 13105039 16723 0.991374
404 13105040 16723 0.991204
405 13105041 16723 0.991043
406 13106069 16726 1.005418
407 13106071 16726 1.005374
408 13106072 16726 1.005232
409 13106073 16726 1.005204
410 13106074 16726 1.005194
411 13106075 16726 1.000391
412 13106076 16726 0.999116
413 13107001 16726 0.998691
414 13107002 16726 0.998666
416 13107013 16727 0.951665
417 13107015 16727 0.951453
418 13107016 16727 0.951371
419 13107017 16727 0.951365
420 13107019 16727 0.951362
421 13107021 16727 0.951366
422 13107024 16727 0.951271
423 13107025 16727 0.951362
424 13107026 16727 0.951370
425 13107027 16727 0.951370
426 13107028 16727 0.951481
427 13107029 16727 0.951477
428 13107030 16727 0.951325
429 13107031 16727 0.951435
430 13107032 16727 0.951428
431 13107033 16727 0.951436
432 13107034 16727 0.951326
433 13107059 16730 1.013330
434 13107060 16730 1.013522
435 13107062 16730 1.013666
436 13108001 16730 1.013766
437 13108002 16730 1.013964
438 13108008 16730 1.014127
439 13108009 16730 1.014099
440 13108010 16730 1.017205
441 13108011 16730 1.017722
442 13108012 16730 1.017676
443 13108013 16730 1.017628
444 13108016 16730 1.017262
445 13108025 16731 1.064475
446 13108028 16731 1.064744
448 13108040 16731 1.062322
449 13108046 16731 1.060576
450 13108072 16732 0.958744
451 13108073 16732 0.958390
452 13109014 16735 1.036565
453 13109015 16735 1.036636
454 13109016 16735 1.036630
455 13109018 16735 1.036745
456 13109025 16735 1.036707
457 13109026 16735 1.036722
