0 13075044 16570 1.014388
1 13075045 16570 1.014410
2 13076005 16570 1.014301
3 13076006 16570 1.014129
4 13076007 16570 1.014219
5 13076011 16570 1.014109
6 13076015 16570 1.014052
7 13076017 16570 1.013950
8 13076018 16570 1.013926
9 13076019 16570 1.013857
10 13076020 16570 1.013789
11 13076022 16570 1.013766
12 13077066 16582 0.974770
13 13077067 16582 0.974922
14 13077068 16582 0.975088
15 13077069 16582 0.975181
16 13077070 16582 0.975242
17 13077073 16582 0.975358
18 13077075 16582 0.975445
19 13077076 16582 0.975360
20 13077078 16582 0.975463
21 13078003 16582 0.975495
22 13078004 16582 0.975459
23 13078006 16582 0.975492
24 13078007 16582 0.975407
25 13078010 16582 0.975262
26 13078014 16582 0.975461
27 13078028 16586 1.023333
28 13078035 16586 1.023488
29 13078036 16586 1.023423
30 13078037 16586 1.023402
31 13078039 16586 1.023339
32 13078040 16586 1.023384
33 13078041 16586 1.023536
34 13078042 16586 1.023480
35 13078045 16586 1.023440
36 13078047 16586 1.023436
37 13078048 16586 1.023541
38 13078050 16586 1.023416
39 13078051 16586 1.023405
40 13078052 16586 1.023450
41 13078054 16586 1.023512
42 13078055 16586 1.023376
43 13078057 16586 1.023448
44 13078058 16586 1.023482
45 13078060 16586 1.023474
46 13079020 16587 0.993531
47 13079021 16587 0.993838
48 13079022 16587 0.994125
49 13079023 16587 0.994546
50 13079029 16587 0.995891
51 13079031 16587 0.996009
52 13079032 16587 0.996142
53 13079034 16587 0.996390
54 13079035 16587 0.996475
55 13079036 16587 0.996494
56 13079037 16587 0.996662
57 13079038 16587 0.996812
58 13079044 16587 0.997945
59 13079074 16592 0.955409
60 13079075 16592 0.955366
61 13079076 16592 0.955472
62 13079077 16592 0.955444
63 13079079 16592 0.955723
64 13080003 16592 0.955967
65 13080010 16593 1.041450
66 13080080 16594 0.955464
67 13080083 16594 0.955198
68 13080084 16594 0.955137
69 13080086 16594 0.954907
70 13081020 16602 1.064784
71 13082001 16602 1.064597
72 13082002 16602 1.064424
73 13082003 16602 1.064422
74 13082004 16602 1.064220
75 13082005 16602 1.064004
76 13082006 16602 1.063999
77 13082007 16602 1.063959
78 13082008 16602 1.063901
79 13082009 16602 1.063747
80 13082010 16602 1.063613
81 13082011 16602 1.063455
82 13082014 16602 1.063473
83 13083067 16619 0.957972
84 13083068 16619 0.958504
85 13083073 16619 0.958760
86 13083081 16619 0.958802
87 13083082 16619 0.958783
88 13083084 16619 0.958834
89 13084001 16619 0.958787
90 13084004 16619 0.958687
91 13084007 16619 0.958450
92 13084008 16619 0.958438
93 13084027 16620 0.954921
94 13084028 16620 0.954803
95 13084032 16620 0.954671
96 13084034 16620 0.954850
97 13084035 16620 0.954720
98 13084036 16620 0.954772
99 13084037 16620 0.954706
100 13084038 16620 0.954705
101 13084039 16620 0.954594
102 13084040 16620 0.954496
103 13084041 16620 0.954431
104 13084051 16622 0.957251
105 13085003 16622 0.957308
106 13085004 16622 0.957213
107 13085005 16622 0.957226
108 13085006 16622 0.957178
109 13085007 16622 0.957250
110 13085008 16622 0.957333
111 13085009 16622 0.957354
112 13085010 16622 0.957444
113 13085011 16622 0.957434
114 13085028 16625 1.028318
115 13085029 16625 1.028111
116 13085030 16625 1.027941
117 13085031 16625 1.027786
118 13085032 16625 1.027740
119 13085033 16625 1.027622
120 13085034 16625 1.027407
121 13085035 16625 1.027341
122 13085036 16625 1.027272
123 13085041 16625 1.027156
124 13085046 16625 1.026994
125 13085047 16625 1.026914
126 13085050 16625 1.026858
127 13085060 16626 0.955342
128 13085061 16626 0.955085
129 13086002 16626 0.954848
130 13086003 16626 0.954719
131 13086065 16627 1.041349
132 13086067 16627 1.041578
133 13086068 16627 1.041641
134 13086069 16627 1.041671
135 13086070 16627 1.041714
136 13086071 16627 1.041765
137 13086072 16627 1.041743
138 13086073 16627 1.041754
139 13086078 16627 1.041756
140 13086079 16627 1.041806
141 13086080 16627 1.041800
142 13086081 16627 1.041761
143 13086082 16627 1.041837
144 13086083 16627 1.041743
145 13086085 16627 1.041848
146 13086087 16627 1.041908
147 13086088 16627 1.041890
148 13087025 16632 1.043705
149 13087026 16632 1.043941
150 13087038 16632 1.043659
151 13087054 16633 0.938602
152 13087058 16633 0.938150
153 13087060 16633 0.938358
154 13089018 16643 0.953676
155 13089021 16643 0.953573
156 13089022 16643 0.953626
157 13089023 16643 0.953538
158 13089024 16643 0.953557
159 13089025 16643 0.953566
160 13089027 16643 0.953530
161 13089028 16643 0.953662
162 13090012 16650 1.027202
163 13090013 16650 1.027399
164 13090037 16655 0.936708
165 13090039 16655 0.936401
166 13090040 16655 0.936183
167 13090043 16655 0.936175
168 13090048 16655 0.935966
169 13090049 16655 0.935848
170 13091001 16655 0.935724
171 13091009 16655 0.935494
172 13091011 16655 0.935434
173 13091012 16655 0.935349
174 13091019 16656 1.028665
175 13091020 16656 1.028623
176 13091023 16656 1.028529
177 13091024 16656 1.028514
178 13091025 16656 1.028566
179 13091027 16656 1.028522
180 13091032 16656 1.028588
181 13091033 16656 1.028509
182 13091034 16656 1.028561
183 13091035 16656 1.028506
184 13091036 16656 1.028597
185 13091037 16656 1.028617
186 13091038 16656 1.028586
187 13092005 16659 0.976818
188 13092006 16659 0.976703
189 13092007 16659 0.976697
190 13092008 16659 0.976672
191 13092036 16662 1.047227
192 13092037 16662 1.047307
193 13092038 16662 1.047415
194 13092039 16662 1.047420
195 13092040 16662 1.047522
196 13092042 16662 1.047510
197 13092044 16662 1.047559
198 13092045 16662 1.047690
199 13092046 16662 1.047569
200 13092047 16662 1.047771
201 13093015 16667 0.967776
202 13093017 16667 0.967761
203 13093018 16667 0.967873
204 13093020 16667 0.967927
205 13093021 16667 0.967907
206 13093023 16667 0.967974
207 13093024 16667 0.968057
208 13093029 16667 0.967881
209 13093030 16667 0.967906
210 13093034 16667 0.967929
211 13093035 16667 0.967935
212 13093036 16667 0.967926
213 13093037 16667 0.967905
214 13093038 16667 0.967932
215 13093044 16668 0.934445
216 13093045 16668 0.934490
217 13093046 16668 0.934452
218 13094001 16668 0.934503
219 13094003 16668 0.934556
220 13094004 16668 0.934534
221 13094005 16668 0.934550
222 13094007 16668 0.934515
223 13094009 16668 0.934641
224 13094011 16668 0.934507
225 13094013 16668 0.934471
226 13094014 16668 0.934510
227 13094015 16668 0.934412
228 13094016 16668 0.934389
229 13094017 16668 0.934289
230 13094018 16668 0.934305
231 13094019 16668 0.934270
232 13094020 16668 0.934310
233 13094021 16668 0.934305
234 13094045 16669 1.066010
235 13094050 16669 1.066131
236 13094052 16669 1.066296
237 13094053 16669 1.066381
238 13094054 16669 1.066448
239 13094081 16671 0.944587
240 13094082 16671 0.944738
241 13095017 16671 0.946012
242 13095045 16678 1.052221
243 13095046 16678 1.052384
244 13095049 16678 1.052343
245 13096001 16678 1.052263
246 13096003 16678 1.052310
247 13096004 16678 1.052447
248 13096016 16678 1.052946
249 13096018 16678 1.052928
250 13096060 16685 0.979115
251 13096061 16685 0.979927
252 13096062 16685 0.980549
253 13096063 16685 0.981124
254 13096064 16685 0.981693
255 13096065 16685 0.981736
256 13096066 16685 0.981920
257 13096069 16685 0.983557
258 13096070 16685 0.984218
259 13097001 16685 0.984702
260 13097002 16685 0.985208
261 13097003 16685 0.985633
262 13097004 16685 0.985944
263 13097005 16685 0.986254
264 13097006 16685 0.986555
265 13097007 16685 0.986788
266 13097021 16686 1.025703
267 13097022 16686 1.025498
268 13097023 16686 1.025167
269 13097024 16686 1.024880
270 13097026 16686 1.024548
271 13097027 16686 1.024389
272 13097028 16686 1.024348
273 13097029 16686 1.024218
274 13097032 16686 1.023831
275 13097033 16686 1.023588
276 13097034 16686 1.023378
277 13097035 16686 1.023212
278 13097036 16686 1.023050
279 13097037 16686 1.022939
280 13097038 16686 1.022793
281 13097039 16686 1.022671
282 13100001 16697 1.062596
283 13100002 16697 1.062625
284 13100003 16697 1.062642
285 13100004 16697 1.062702
286 13100005 16697 1.062683
287 13100006 16697 1.062716
288 13100008 16697 1.062594
289 13100009 16697 1.062674
290 13100010 16697 1.062617
291 13100011 16697 1.062608
292 13100012 16697 1.062572
293 13100013 16697 1.062622
294 13100014 16697 1.062568
295 13100015 16697 1.062515
296 13100025 16698 1.037623
297 13100026 16698 1.037337
298 13100027 16698 1.036974
299 13100028 16698 1.036806
300 13100029 16698 1.036766
301 13100030 16698 1.036822
302 13100031 16698 1.037021
303 13100032 16698 1.037027
304 13100033 16698 1.037124
305 13100034 16698 1.037232
306 13100035 16698 1.037287
307 13100037 16698 1.037186
308 13100038 16698 1.037158
309 13100039 16698 1.037195
310 13100040 16698 1.037215
311 13100041 16698 1.037195
312 13100042 16698 1.037211
313 13100049 16699 0.947537
314 13100053 16699 0.947932
315 13100054 16699 0.948202
316 13100055 16699 0.948577
317 13100056 16699 0.949054
318 13100057 16699 0.949283
319 13100060 16699 0.949644
320 13101001 16699 0.949801
321 13101002 16699 0.950076
322 13101003 16699 0.950237
323 13101004 16699 0.950291
324 13101005 16699 0.950227
325 13101006 16699 0.950029
326 13101007 16699 0.950009
327 13101013 16701 0.963367
328 13101014 16701 0.963417
329 13101015 16701 0.963506
330 13101016 16701 0.963410
331 13101021 16701 0.963579
332 13101024 16701 0.963415
333 13101026 16701 0.963171
334 13101027 16701 0.963081
335 13101038 16704 1.056653
336 13101039 16704 1.057086
337 13101040 16704 1.057185
338 13101041 16704 1.057131
339 13101042 16704 1.057020
340 13101043 16704 1.056732
341 13101044 16704 1.056443
342 13101045 16704 1.056345
343 13101047 16704 1.055903
344 13101048 16704 1.055648
345 13101049 16704 1.055546
346 13101050 16704 1.055278
347 13101058 16705 1.015663
348 13101060 16705 1.016558
349 13104003 16716 0.964579
350 13104004 16716 0.964372
351 13104008 16716 0.964093
352 13104009 16716 0.964048
353 13104011 16716 0.963905
354 13104012 16716 0.963924
355 13104013 16716 0.963955
356 13104014 16716 0.963769
357 13104018 16717 1.055321
358 13104019 16717 1.054626
359 13104022 16717 1.053919
360 13104043 16720 1.050239
361 13104044 16720 1.050387
362 13104045 16720 1.050948
363 13104046 16720 1.051388
364 13104047 16720 1.051606
365 13104050 16720 1.051814
366 13104051 16720 1.051898
367 13104052 16720 1.051990
368 13104054 16720 1.052132
369 13104056 16720 1.052182
370 13104057 16720 1.052277
371 13104058 16720 1.052217
372 13104059 16720 1.052403
373 13104060 16720 1.052344
374 13104061 16720 1.052324
375 13104062 16720 1.052284
376 13104063 16720 1.052091
377 13105006 16722 0.954011
378 13105007 16722 0.954056
379 13105008 16722 0.954023
380 13105009 16722 0.953968
381 13105010 16722 0.953840
382 13105011 16722 0.953791
383 13105012 16722 0.953697
384 13105014 16722 0.953673
385 13105015 16722 0.953657
386 13105016 16722 0.953665
387 13105017 16722 0.953669
388 13105018 16722 0.953677
389 13105022 16722 0.953832
390 13105039 16723 0.991374
391 13105040 16723 0.991204
392 13105041 16723 0.991043
393 13106069 16726 1.005418
394 13106071 16726 1.005374
395 13106072 16726 1.005232
396 13106073 16726 1.005204
397 13106074 16726 1.005194
398 13106075 16726 1.000391
399 13106076 16726 0.999116
400 13107001 16726 0.998691
401 13107002 16726 0.998666
402 13107013 16727 0.951665
403 13107015 16727 0.951453
404 13107016 16727 0.951371
405 13107017 16727 0.951365
406 13107019 16727 0.951362
407 13107021 16727 0.951366
408 13107024 16727 0.951271
409 13107025 16727 0.951362
410 13107026 16727 0.951370
411 13107027 16727 0.951370
412 13107028 16727 0.951481
413 13107029 16727 0.951477
414 13107030 16727 0.951325
415 13107031 16727 0.951435
416 13107032 16727 0.951428
417 13107033 16727 0.951436
418 13107034 16727 0.951326
419 13107059 16730 1.013330
420 13107060 16730 1.013522
421 13107062 16730 1.013666
422 13108001 16730 1.013766
423 13108002 16730 1.013964
424 13108008 16730 1.014127
425 13108009 16730 1.014099
426 13108010 16730 1.017205
427 13108011 16730 1.017722
428 13108012 16730 1.017676
429 13108013 16730 1.017628
430 13108016 16730 1.017262
431 13108025 16731 1.064475
432 13108026 16731 1.064550
433 13108028 16731 1.064744
434 13108029 16731 1.064739
435 13108032 16731 1.064805
438 13108040 16731 1.062322
439 13108046 16731 1.060576
440 13108050 16731 1.060568
441 13108071 16732 0.959125
442 13108072 16732 0.958744
443 13108073 16732 0.958390
444 13108074 16732 0.957956
445 13108076 16732 0.957296
446 13108079 16732 0.956870
447 13108080 16732 0.957084
448 13109014 16735 1.036565
449 13109015 16735 1.036636
450 13109016 16735 1.036630
452 13109018 16735 1.036745
453 13109025 16735 1.036707
454 13109026 16735 1.036722
455 13109027 16735 1.036698
