0 14108073 17399 1.073620
1 14108075 17399 1.073887
2 14108077 17399 1.074031
3 14108078 17399 1.074222
4 14108079 17399 1.074279
5 14108080 17399 1.074452
6 14108081 17399 1.074471
7 14108082 17399 1.074568
8 14108083 17399 1.074687
9 14108084 17399 1.074791
10 14108085 17399 1.074856
11 14108086 17399 1.074820
12 14108091 17399 1.075007
13 14108092 17399 1.075010
14 14108095 17399 1.074788
15 14108096 17399 1.074704
16 14108097 17399 1.074738
17 14109082 17405 0.943170
18 14110003 17406 0.925037
19 14110004 17406 0.924924
20 14110005 17406 0.924935
21 14110007 17406 0.924966
22 14110009 17406 0.924875
23 14110012 17406 0.924893
24 14110013 17406 0.924791
25 14110014 17406 0.924990
26 14110018 17406 0.925185
27 14110019 17406 0.925249
28 14110020 17406 0.925244
29 14110021 17406 0.925286
30 14110022 17406 0.925473
31 14110023 17406 0.925593
32 14110024 17406 0.925451
33 14110025 17406 0.925568
34 14110026 17406 0.925571
35 14110027 17406 0.925731
36 14110041 17407 1.065237
37 14110044 17407 1.065020
38 14110045 17407 1.064934
39 14110046 17407 1.064573
40 14110047 17407 1.064492
41 14110048 17407 1.064569
42 14110050 17407 1.064633
43 14110051 17407 1.064951
44 14110053 17407 1.065154
45 14110054 17407 1.065223
46 14110055 17407 1.065228
47 14110056 17407 1.065306
48 14110057 17407 1.065328
49 14110058 17407 1.065385
50 14110059 17407 1.065457
51 14110060 17407 1.065482
52 14110061 17407 1.065440
53 14110062 17407 1.065497
54 14110064 17407 1.065529
55 14110065 17407 1.065447
56 14111035 17409 0.979298
57 14111037 17409 0.962174
58 14111038 17409 0.953987
59 14111046 17410 0.992084
60 14111068 17410 0.982444
61 14112024 17414 1.043550
62 14112025 17414 1.043755
63 14112032 17414 1.044409
64 14112033 17414 1.044444
65 14113001 17415 1.033895
66 14113035 17416 0.960474
67 14113038 17416 0.959056
68 14113039 17416 0.959042
69 14115063 17426 1.035175
70 14115064 17426 1.035049
71 14115065 17426 1.034928
72 14115066 17426 1.034926
73 14115067 17426 1.034895
74 14115068 17426 1.034881
75 14115069 17426 1.034896
76 14115070 17426 1.034973
77 14115071 17426 1.035025
78 14115072 17426 1.034994
79 14115074 17426 1.035018
80 14115075 17426 1.035032
81 14116001 17426 1.035127
82 14116002 17426 1.035140
83 14116014 17427 0.964328
84 14116015 17427 0.963975
85 14116016 17427 0.963334
86 14116017 17427 0.963065
87 14116019 17427 0.962935
88 14116020 17427 0.962727
89 14116021 17427 0.962429
90 14116025 17427 0.962189
91 14116026 17427 0.962071
92 14116027 17427 0.961785
93 14116044 17429 0.970338
94 14116046 17429 0.970325
95 14116047 17429 0.970466
96 14116048 17429 0.970634
97 14116050 17429 0.971254
98 14116051 17429 0.971293
99 14116056 17429 0.971592
100 14116057 17429 0.971686
101 14116058 17429 0.971706
102 14117002 17429 0.971797
103 14117004 17429 0.971803
104 14117012 17430 1.032648
105 14117013 17430 1.033895
106 14117014 17430 1.034294
107 14117015 17430 1.034549
108 14117016 17430 1.034805
109 14117019 17430 1.035697
110 14117020 17430 1.037292
111 14117021 17430 1.039335
112 14117022 17430 1.040165
113 14117023 17430 1.042486
114 14117024 17430 1.044548
115 14117025 17430 1.046291
116 14117026 17430 1.046896
117 14117027 17430 1.047058
118 14117028 17430 1.047409
119 14117044 17431 1.042538
120 14117046 17431 1.042464
121 14117047 17431 1.042359
122 14117053 17431 1.042011
123 14117054 17431 1.041852
124 14117055 17431 1.041710
125 14117056 17431 1.041642
126 14117058 17431 1.041514
127 14117059 17431 1.041417
128 14117060 17431 1.041312
129 14117061 17431 1.041299
130 14117062 17431 1.041251
131 14117063 17431 1.041271
132 14117064 17431 1.041334
133 14117065 17431 1.041293
134 14117069 17431 1.041460
135 14118013 17433 0.963919
136 14118014 17433 0.962968
137 14118015 17433 0.962152
138 14118016 17433 0.961790
139 14118017 17433 0.961558
140 14118018 17433 0.961456
141 14118019 17433 0.961387
142 14118020 17433 0.961313
143 14118021 17433 0.961175
144 14118022 17433 0.961134
145 14118023 17433 0.961077
146 14118024 17433 0.961025
147 14118026 17433 0.960328
148 14118028 17433 0.960144
149 14118029 17433 0.960106
150 14118030 17433 0.960039
151 14118032 17433 0.960120
152 14118033 17433 0.960118
153 14118034 17433 0.960109
154 14118035 17433 0.960168
155 14118048 17434 0.961255
156 14118049 17434 0.960707
157 14118051 17434 0.959904
158 14118052 17434 0.959636
159 14118053 17434 0.959539
160 14118055 17434 0.959487
161 14118056 17434 0.959279
162 14118057 17434 0.959303
163 14118059 17434 0.959135
164 14118060 17434 0.959082
165 14118061 17434 0.959069
166 14118063 17434 0.958991
167 14118064 17434 0.958991
168 14119006 17436 1.018713
169 14119007 17436 1.017891
170 14119008 17436 1.017125
171 14119009 17436 1.016081
172 14119010 17436 1.015145
173 14119011 17436 1.014699
174 14119014 17436 1.014012
175 14119017 17436 1.013794
176 14119018 17436 1.013535
177 14119019 17436 1.013365
178 14119020 17436 1.013245
179 14119022 17436 1.013631
180 14119023 17436 1.013764
181 14122008 17447 1.032933
182 14122009 17447 1.032198
183 14122010 17447 1.032048
184 14122012 17447 1.031441
185 14122013 17447 1.031547
186 14122014 17447 1.031581
187 14122015 17447 1.031729
188 14122016 17447 1.031743
189 14122017 17447 1.031838
190 14122018 17447 1.031959
191 14122020 17447 1.031831
192 14122021 17447 1.031992
193 14122022 17447 1.032286
194 14122023 17447 1.032451
195 14122024 17447 1.032698
196 14122025 17447 1.033213
197 14122045 17451 1.030294
198 14122048 17451 1.030307
199 14122049 17451 1.030648
200 14122055 17451 1.031278
201 14122056 17451 1.031403
202 14122059 17451 1.032204
203 14122060 17451 1.032228
204 14123001 17451 1.032588
205 14123002 17451 1.032657
206 14123004 17451 1.032662
207 14123005 17451 1.032725
208 14123006 17451 1.032919
209 14123008 17451 1.032910
210 14123009 17451 1.033015
211 14123010 17451 1.033089
212 14123015 17452 0.962966
213 14123016 17452 0.962339
214 14123018 17452 0.961654
215 14123019 17452 0.961705
216 14123026 17452 0.962109
217 14123027 17452 0.962166
218 14123075 17454 1.026810
219 14123078 17454 1.028803
220 14124024 17455 1.044160
221 14124027 17455 1.043232
222 14124031 17455 1.042197
223 14124034 17455 1.041528
224 14124037 17455 1.040987
225 14124038 17455 1.040617
226 14125002 17461 0.974174
227 14125004 17461 0.973679
228 14125005 17461 0.973358
229 14129021 17479 1.029083
230 14129022 17479 1.029383
231 14129023 17479 1.029542
232 14129024 17479 1.029689
233 14129025 17479 1.029752
234 14129027 17479 1.029971
235 14129028 17479 1.030050
236 14129029 17479 1.030077
237 14130035 17485 0.969954
238 14130037 17485 0.969545
239 14130039 17485 0.969135
240 14130040 17485 0.969050
241 14130041 17485 0.969005
242 14130043 17485 0.968765
243 14130067 17486 1.023265
244 14130073 17486 1.021360
245 14130074 17486 1.021449
246 14130075 17486 1.021256
247 14130076 17486 1.020967
248 14131001 17486 1.020365
249 14131002 17486 1.020318
250 14131003 17486 1.020262
251 14131012 17488 1.025126
252 14131013 17488 1.026016
253 14131014 17488 1.026054
254 14131015 17488 1.025962
255 14131016 17488 1.025557
256 14131020 17488 1.025066
257 14131021 17488 1.024969
258 14131022 17488 1.024962
259 14131024 17488 1.024982
260 14131025 17488 1.024866
261 14131026 17488 1.024937
262 14131028 17488 1.024970
263 14131029 17488 1.025449
264 14132007 17491 0.995112
265 14132009 17491 0.995104
266 14132012 17491 0.995201
267 14132015 17491 0.995241
268 14132016 17491 0.995253
269 14132018 17491 0.995179
270 14132019 17491 0.995217
271 14132020 17491 0.995254
272 14132021 17491 0.995223
273 14132024 17491 0.995168
274 14132025 17491 0.995137
275 14132026 17491 0.995188
276 14132041 17492 0.971308
277 14132042 17492 0.971224
278 14132044 17492 0.971219
279 14132047 17492 0.969878
280 14132058 17494 1.032638
281 14132059 17494 1.033053
282 14132060 17494 1.033296
283 14132067 17494 1.034205
284 14132068 17494 1.034329
285 14132075 17494 1.034411
286 14132076 17494 1.034379
287 14132077 17494 1.034528
288 14132078 17494 1.034634
289 14132079 17494 1.034703
290 14132080 17494 1.034659
291 14132082 17494 1.034755
292 14133001 17494 1.034964
293 14133002 17494 1.034861
294 14133004 17494 1.034955
295 14135002 17502 1.032405
296 14135003 17502 1.033002
297 14135004 17502 1.033135
298 14135006 17502 1.032995
299 14135007 17502 1.032979
300 14135022 17503 1.013414
301 14135023 17503 1.012996
302 14136002 17512 0.976512
303 14136005 17512 0.976245
304 14136006 17512 0.977074
305 14136007 17512 0.977183
306 14136014 17512 0.976633
307 14136060 17514 1.021903
308 14137002 17514 1.022233
309 14137003 17514 1.022365
310 14137004 17514 1.022480
311 14137005 17514 1.022600
312 14138011 17518 0.982424
313 14138023 17519 1.083877
314 14138024 17519 1.083951
315 14138026 17519 1.083705
316 14138027 17519 1.083437
317 14138029 17519 1.082980
318 14138030 17519 1.082775
319 14138031 17519 1.082701
320 14138032 17519 1.082487
321 14139020 17521 0.963215
322 14139043 17524 0.977625
323 14139044 17524 0.976143
324 14139046 17524 0.975288
325 14139047 17524 0.975067
326 14139049 17524 0.974769
327 14139050 17524 0.974686
328 14139051 17524 0.974699
329 14139052 17524 0.973647
330 14139059 17526 1.033760
331 14139060 17526 1.034567
332 14139062 17526 1.035069
333 14139065 17526 1.035584
334 14140005 17526 1.036548
335 14140006 17526 1.036688
336 14140007 17526 1.036741
337 14140008 17526 1.036757
338 14140015 17527 1.034561
339 14140016 17527 1.035572
340 14140017 17527 1.035882
341 14140020 17527 1.036235
342 14140021 17527 1.036240
343 14140022 17527 1.036265
344 14140026 17527 1.036291
345 14140044 17529 0.973065
346 14140045 17529 0.972716
347 14140046 17529 0.972462
348 14140047 17529 0.972340
349 14140048 17529 0.972297
350 14140049 17529 0.972252
351 14140050 17529 0.972268
352 14140051 17529 0.972269
353 14140052 17529 0.972286
354 14140053 17529 0.972311
355 14140054 17529 0.972294
356 14140055 17529 0.972297
357 14140056 17529 0.972247
358 14140057 17529 0.972316
359 14140058 17529 0.972262
360 14140059 17529 0.972359
361 14140060 17529 0.972307
362 14140061 17529 0.972366
363 14140062 17529 0.972380
