13090005 7779687 7781611 16650 0.186529812605742 1.00000000 0.92217987804878 ZDCMB-trgonly 0.996597471375889 0.0536430586444404 0.0143316335037728
13090006 7781709 7783452 16650 0.158078626817898 1.00000000 0.909349490090882 ZDCMB-trgonly 0.994982769283585 0.0454609423038903 0.0121456453136653
13090007 7783692 7786876 16650 0.249068469038292 1.00000000 0.830974874104782 ZDCMB-trgonly 0.894933169149656 0.0716281987552416 0.019136662208241
13090008 7787020 7788325 16650 0.105074266482775 1.00000000 0.898331184644034 ZDCMB-trgonly 0.994188775412124 0.030217716729661 0.00807316458893253
13090009 7789236 7790106 16650 0.0711418851630509 1.00000000 0.959014859744593 ZDCMB-trgonly 0.995136491015193 0.0204592942252283 0.00546604004304325
13090010 7790416 7790548 16650 0.00968662571818795 1.00000000 0.897292651482596 ZDCMB-trgonly 0.948241214959864 0.00278572215459088 0.000744251912023936
13090011 7790629 7792327 16650 0.128502236076518 1.00000000 0.908466104342393 ZDCMB-trgonly 0.997670127132068 0.0369552346056567 0.00987320432126602
13090012 7792379 7793343 16650 0.0626459711215646 1.00000000 0.797500959061764 ZDCMB-trgonly 0.985608352480885 0.0180160021380333 0.00481327400730237
13090013 7793526 7793746 16650 0.0148332943262994 1.00000000 0.874315514993481 ZDCMB-trgonly 0.980548536911611 0.0042658236038534 0.00113968558145419
13090014 7793781 7793884 16650 0.00491018105098862 1.00000000 0.862040133779264 ZDCMB-trgonly 0.906616192774063 0.0014120913241345 0.000377263635645623
13090015 7794097 7796655 16650 0.186401999979398 1.00000000 0.934045863491849 ZDCMB-trgonly 0.994806999179642 0.0536063017308151 0.0143218132841933
13090016 7796704 7798173 16650 0.1009535165525 1.00000000 0.911580561352698 ZDCMB-trgonly 0.991831095018089 0.0290326534570353 0.00775655526554128
13090017 7798247 7799078 16650 0.0554785656443888 1.00000000 0.913302715333172 ZDCMB-trgonly 0.98460599720337 0.0159547683493452 0.00426258118754957
13090018 7800336 7801079 16650 0.0494387580232692 1.00000000 0.923919094451661 ZDCMB-trgonly 0.984119753862411 0.0142178140797043 0.00379852502381912
13090019 7801150 7803040 16650 0.125417189980109 1.00000000 0.929330287537619 ZDCMB-trgonly 0.993443829875256 0.0360680235675999 0.00963617116619909
13090020 7803314 7804647 16650 0.0921776105893872 1.00000000 0.976359505892375 ZDCMB-trgonly 0.990217085685991 0.0265088400694543 0.00708227662788056
13090021 7804699 7805297 16650 0.0389808189452335 1.00000000 0.934331054057541 ZDCMB-trgonly 0.978861581534128 0.011210274258449 0.00299501084033585
13090022 7805336 7807044 16650 0.112110455963972 1.00000000 0.945187348820227 ZDCMB-trgonly 0.997142990060963 0.0322412148488115 0.00861377569821803
13090023 7807093 7807652 16650 0.036213837594745 1.00000000 0.944653038520373 ZDCMB-trgonly 0.991106149670172 0.0104145336699671 0.00278241553413247
13090035 7843467 7844865 16655 0.123530681240289 1.00000000 0.958594876993255 ZDCMB-trgonly 0.99694202287206 0.0343156620601486 0.00935156827650586
13090037 7845104 7845530 16655 0.0281112937757829 1.00000000 0.822810590631365 ZDCMB-trgonly 0.852976510677944 0.00780905316475099 0.00212809223138493
13090038 7845642 7845994 16655 0.0279890828930222 1.00000000 0.934366150258204 ZDCMB-trgonly 0.964685872007919 0.00777510413030237 0.00211884057501266
13090039 7846032 7847670 16655 0.130938764198354 1.00000000 0.955882899973961 ZDCMB-trgonly 0.99260531755935 0.0363735578699193 0.00991237788983269
13090040 7847725 7848311 16655 0.0444652106393933 1.00000000 0.942138506654636 ZDCMB-trgonly 0.977030427884611 0.0123520175426435 0.003366122885817
13090043 7848690 7850894 16655 0.163794393565845 1.00000000 0.959089389380262 ZDCMB-trgonly 0.99446869685841 0.0455005428652923 0.0123996276824571
13090047 7851237 7851648 16655 0.030129432550049 1.00000000 0.98740157480315 ZDCMB-trgonly 0.992034927910013 0.00836967314573763 0.00228087016759903
13090048 7851697 7855080 16655 0.232519500030252 1.00000000 0.962164207340144 ZDCMB-trgonly 0.996454949586921 0.0645917314251038 0.0176022827553446
13090049 7855743 7858222 16655 0.157945450123717 1.00000000 0.960835848015834 ZDCMB-trgonly 0.99510200617453 0.0438757613571375 0.0119568486627407
13091001 7860163 7860361 16655 0.00708462903200743 1.00000000 0.569124423963134 ZDCMB-trgonly 0.934841220387487 0.00196804334957876 0.000536323376843203
13091002 7860404 7860559 16655 0.00508377771330668 1.00000000 0.523024445707788 ZDCMB-trgonly 0.918239799797179 0.00141222566124609 0.000384854142397952
13091004 7860784 7860861 16655 0.00437735080802323 1.00000000 0.927272727272727 ZDCMB-trgonly 0.930078081390266 0.00121598690737126 0.000331375934629724
13091005 7860897 7861799 16655 0.0544109740747634 1.00000000 0.958572960327517 ZDCMB-trgonly 0.995017994372389 0.015114857134813 0.00411904098595215
13091009 7867301 7867979 16655 0.0375353244196417 1.00000000 0.96168251224431 ZDCMB-trgonly 0.999999319440389 0.0104269602917269 0.00284151391028349
13091010 7868831 7869152 16655 0 1.00000000 0 ZDCMB-trgonly 1.41990207664516e-06 0 0
13091011 7869386 7872434 16655 0.160363600608699 1.00000000 0.962713478941281 ZDCMB-trgonly 0.998637877605408 0.0445475008312508 0.0121399084430003
13091012 7872497 7873204 16655 0.0359252944047995 1.00000000 0.955066921606119 ZDCMB-trgonly 0.991780042358208 0.00997970908788588 0.00271963078408479
13091019 7899234 7901118 16656 0.248672739208448 1.00000000 0.960006680736703 ZDCMB-trgonly 0.997809659263554 0.0758721875879634 0.0231437743547867
13091020 7901189 7902039 16656 0.107430458068447 1.00000000 0.960646470502971 ZDCMB-trgonly 0.995028691322591 0.0327779550471658 0.00999846741658062
13091023 7902415 7904006 16656 0.184517002945902 1.00000000 0.961814438135646 ZDCMB-trgonly 0.997383293182324 0.0562977216772651 0.0171728509300806
13091024 7904065 7905859 16656 0.198599540578546 1.00000000 0.962295049622161 ZDCMB-trgonly 0.996240300031836 0.0605944248075703 0.0184835015239098
13091025 7905912 7907711 16656 0.19117164326313 1.00000000 0.963908543114489 ZDCMB-trgonly 0.997552685697455 0.0583281095681384 0.0177921930196254
13091027 7908066 7909097 16656 0.105376213972053 1.00000000 0.962628766168384 ZDCMB-trgonly 0.996172707093347 0.0321511875376702 0.00980728054990621
13091032 7910550 7910781 16656 0.0220813433338319 1.00000000 0.953139821665718 ZDCMB-trgonly 0.982305337655473 0.00673720741948464 0.0020550930881909
13091033 7910847 7911192 16656 0.0189191404991461 1.00000000 0.559729944400318 ZDCMB-trgonly 0.957271397539366 0.00577239218711067 0.00176078938162865
13091034 7911844 7913774 16656 0.180927633511945 1.00000000 0.963663890991673 ZDCMB-trgonly 0.997898506730876 0.0552025742482282 0.0168387911673583
13091035 7913849 7914122 16656 0.0244696060938515 1.00000000 0.94724930362117 ZDCMB-trgonly 0.986206529497465 0.00746588689080242 0.00227736680662813
13091036 7914423 7916111 16656 0.152100806764439 1.00000000 0.964017702520685 ZDCMB-trgonly 0.997520815911901 0.0464072619292565 0.0141559012947794
13091037 7916169 7917904 16656 0.151969178856234 1.00000000 0.960522225676096 ZDCMB-trgonly 0.993217395625204 0.0463671011244375 0.0141436507898949
13091038 7917953 7919803 16656 0.156986704041772 1.00000000 0.962833099579243 ZDCMB-trgonly 0.998052054822724 0.0478979911339987 0.0146106278742476
13092005 7949888 7951521 16659 0.208649074786106 1.00000000 0.95745568678677 ZDCMB-trgonly 0.992537341494206 0.0521622686965265 0.0130405671741316
13092006 7951678 7953876 16659 0.260233742306655 1.00000000 0.959541882279255 ZDCMB-trgonly 0.994328438847706 0.0650584355766639 0.016264608894166
13092007 7953920 7954250 16659 0.0362741947286134 1.00000000 0.928586609989373 ZDCMB-trgonly 0.959312806884176 0.00906854868215336 0.00226713717053834
13092008 7954351 7956203 16659 0.206187490150118 1.00000000 0.960143407452611 ZDCMB-trgonly 0.993830456492314 0.0515468725375296 0.0128867181343824
13092016 7976196 7976663 16662 0.0316955665622208 1.00000000 0.566913937639467 ZDCMB-trgonly 0.582551423288752 0.0077304334711412 0.00186082789533872
13092018 7976953 7977065 16662 0.00401032839217742 1.00000000 0.343796711509716 ZDCMB-trgonly 0.661267173458704 0.000978104517308367 0.000235443998989042
13092019 7977179 7977323 16662 0.00609346369597711 1.00000000 0.33995351785337 ZDCMB-trgonly 0.347036416979245 0.00148617364570828 0.000357743635926145
13092020 7977547 7977767 16662 0.00807791746068837 1.00000000 0.297007511509571 ZDCMB-trgonly 0.319062456979935 0.00197017470543192 0.000474249738290195
13092021 7977986 7978124 16662 0.00309547247145191 1.00000000 0.186869286477502 ZDCMB-trgonly 0.197701267397829 0.000754974483744687 0.000181733351029496
13092022 7978554 7980074 16662 0.170494422806508 1.00000000 0.956943713834824 ZDCMB-trgonly 0.997492989187834 0.0415829699752803 0.010009626341123
13092023 7980133 7980195 16662 0.00332944191475541 1.00000000 0.468020304568528 ZDCMB-trgonly 0.478285723880722 0.000812038780487485 0.000195469558139135
13092024 7980315 7980350 16662 0.0012299019221388 1.00000000 0.296103896103896 ZDCMB-trgonly 0.340204169844467 0.000299968608116165 7.2206811660988e-05
13092026 7980563 7982031 16662 0.150718390273183 1.00000000 0.951443298969072 ZDCMB-trgonly 0.997812557647472 0.0367596675262806 0.00884858721204181
13092027 7982068 7982523 16662 0.0431872354798726 1.00000000 0.875029391018105 ZDCMB-trgonly 0.992504128392934 0.0105332097479399 0.00253549695493685
13092028 7982604 7982972 16662 0.0358793854122201 1.00000000 0.916076540605695 ZDCMB-trgonly 0.986006509362738 0.00875085168047451 0.00210645741610591
13092029 7983037 7984524 16662 0.137709025667787 1.00000000 0.877708467679289 ZDCMB-trgonly 0.992048396591494 0.0335867307880649 0.00808481513966598
13092035 7986309 7986447 16662 0.0129114615909693 1.00000000 0.942067736185383 ZDCMB-trgonly 0.967002019195799 0.00314905854887453 0.000758024244523451
13092036 7987695 7989459 16662 0.160007447238082 1.00000000 0.964959794505249 ZDCMB-trgonly 0.997583682804127 0.0390252347542975 0.00939394223157561
13092037 7989513 7991349 16662 0.160142329452893 1.00000000 0.959400269541779 ZDCMB-trgonly 0.992081785454651 0.0390581320361929 0.00940186108632811
13092038 7991736 7993176 16662 0.123386723076578 1.00000000 0.96344975263974 ZDCMB-trgonly 0.997278956817407 0.030093573247639 0.00724396125762907
13092039 7993228 7995258 16662 0.169428897865178 1.00000000 0.964432064707931 ZDCMB-trgonly 0.997177894515116 0.0413230923152732 0.00994707000441541
13092040 7995314 7996110 16662 0.0652319547821506 1.00000000 0.96186290494081 ZDCMB-trgonly 0.993906636247243 0.0159098366532109 0.00382972933731319
13092041 7996376 7996418 16662 0.00287719705858382 1.00000000 0.873070325900515 ZDCMB-trgonly 0.896738846252988 0.000701737903977287 0.000168918531129237
13092042 7996697 7997355 16662 0.0519162708220779 1.00000000 0.950260838280266 ZDCMB-trgonly 0.9809154805891 0.0126621897378604 0.00304797343748486
13092044 7998095 7999698 16662 0.12428016862463 1.00000000 0.958126195028681 ZDCMB-trgonly 0.991306822487764 0.0303114813691343 0.00729641491532019
13092045 7999746 8001353 16662 0.122255643532632 1.00000000 0.957310267857143 ZDCMB-trgonly 0.99223090697162 0.0298177070583447 0.00717755624912133
13092046 8001400 8003009 16662 0.120534431897358 1.00000000 0.963499281953088 ZDCMB-trgonly 0.996989470482389 0.0293979097971056 0.00707650493589073
13092047 8003213 8003632 16662 0.0303488814493292 1.00000000 0.95020230314348 ZDCMB-trgonly 0.991310056682478 0.00740198186730734 0.00178176481188235
13093009 8076985 8078022 16667 0.142964023726822 1.00000000 0.923709147166892 ZDCMB-trgonly 0.99639383943909 0.050451542199399 0.0177679684056835
13093011 8078349 8079224 16667 0.0687645916945546 1.00000000 0.555915579552839 ZDCMB-trgonly 0.854289529017872 0.0242668022993771 0.00854625562997035
13093012 8079275 8079753 16667 0.0381353240584616 1.00000000 0.58135026391136 ZDCMB-trgonly 0.828186578527768 0.0134578326831344 0.00473956464953721
13093014 8079961 8081227 16667 0.100467404872487 1.00000000 0.600530381697873 ZDCMB-trgonly 0.736605782409185 0.035454622669783 0.0124863698505462
13093015 8081559 8083148 16667 0.16099434799088 1.00000000 0.8025966620611 ZDCMB-trgonly 0.992578454346208 0.0568143853942376 0.0200088274939822
13093016 8083201 8083254 16667 0.00269798365429924 1.00000000 0.415730337078652 ZDCMB-trgonly 0.68287882019063 0.000952109717114997 0.000335312948523604
13093017 8083296 8083633 16667 0.0249839519277043 1.00000000 0.619161268325946 ZDCMB-trgonly 0.990892324736772 0.00881675593712212 0.00310507536741412
13093018 8083999 8085638 16667 0.186157520198285 1.00000000 0.958057548944472 ZDCMB-trgonly 0.989369485212924 0.0656943875891845 0.0231361768586186
13093019 8085680 8085736 16667 0.00271842678822858 1.00000000 0.428571428571429 ZDCMB-trgonly 0.623305773797778 0.000959324033047341 0.000337853678340106
13093020 8085770 8086712 16667 0.102152682893811 1.00000000 0.953927012249396 ZDCMB-trgonly 0.98397813638801 0.0360493518400602 0.0126958209128281
13093022 8088191 8088301 16667 0.00465203386080435 1.00000000 0.498911860718172 ZDCMB-trgonly 0.511293978097914 0.00164168772340848 0.000578167769108709
13093023 8088456 8090036 16667 0.161471265145746 1.00000000 0.95903946688114 ZDCMB-trgonly 0.988166001525432 0.0569826879177474 0.0200681000908139
13093024 8090401 8090674 16667 0.0270756437622869 1.00000000 0.961196155215379 ZDCMB-trgonly 0.985886502355857 0.00955490722938168 0.00336503667419928
13093025 8090717 8090963 16667 0.0046725725769761 1.00000000 0.190077763559405 ZDCMB-trgonly 0.385447858503803 0.00164893577000544 0.000580720378153417
13093026 8091061 8091136 16667 0.00353907231192939 1.00000000 0.517374517374517 ZDCMB-trgonly 0.820763382752912 0.00124892718767631 0.000439845797457034
13093027 8091176 8091226 16667 0.00321294832131862 1.00000000 0.773074864265504 ZDCMB-trgonly 0.79914316693371 0.00113383908477026 0.000399314196495803
13093028 8091321 8091629 16667 0.0303583916031761 1.00000000 0.973413545507471 ZDCMB-trgonly 0.988518918774564 0.010713378339156 0.00377302575005378
13093029 8091683 8092087 16667 0.0383734009420073 1.00000000 0.93726893261777 ZDCMB-trgonly 0.966858489405851 0.0135418492463493 0.00476915350997001
13093030 8092194 8094668 16667 0.237138947967223 1.00000000 0.965813650881274 ZDCMB-trgonly 0.998323958439897 0.0836855687788309 0.0294722911778826
13093031 8094721 8094794 16667 0.00537714770766065 1.00000000 0.840065952184666 ZDCMB-trgonly 0.890050906293466 0.00189757805784635 0.000668286944448128
13093032 8094842 8094904 16667 0.00523082709679572 1.00000000 0.889210019267823 ZDCMB-trgonly 0.914742438514626 0.00184594198688769 0.000650101810012375
13093033 8095044 8095068 16667 0.00147003920571207 1.00000000 0.636986301369863 ZDCMB-trgonly 0.689568401420621 0.000518772087469156 0.000182700580756721
13093034 8095715 8097310 16667 0.145914299109861 1.00000000 0.963272599636236 ZDCMB-trgonly 0.996946155661529 0.0514926848526838 0.0181346368753263
13093035 8097959 8100411 16667 0.209770986044285 1.00000000 0.956621711253593 ZDCMB-trgonly 0.998363007793447 0.0740275034147433 0.0260709243857456
13093036 8100475 8102917 16667 0.202034662248946 1.00000000 0.963254348079841 ZDCMB-trgonly 0.994131937066375 0.0712973797356939 0.025109432444008
13093037 8102957 8103684 16667 0.0519424118968646 1.00000000 0.898355234531372 ZDCMB-trgonly 0.92724495615002 0.0183303093844131 0.0064555481123139
13093038 8103796 8104321 16667 0.042237042523422 1.00000000 0.961812448908093 ZDCMB-trgonly 0.993729485091876 0.0149053158808683 0.00524933768330188
13093043 8113891 8114098 16668 0.0292562202076209 1.00000000 0.953965053763441 ZDCMB-trgonly 0.978063525528856 0.00817141121814938 0.00223109192447395
13093044 8114148 8115979 16668 0.248162899248401 1.00000000 0.959510342196493 ZDCMB-trgonly 0.996729894123649 0.0693131609092357 0.0189250093326452
13093045 8116039 8117826 16668 0.221525221220098 1.00000000 0.960028117103938 ZDCMB-trgonly 0.993074137738383 0.0618731218501493 0.0168936085599574
13093046 8117876 8119721 16668 0.216252934258362 1.00000000 0.960434835027931 ZDCMB-trgonly 0.993482671608297 0.0604005452657958 0.016491541690746
13094001 8119761 8121296 16668 0.171064952026266 1.00000000 0.958785418780735 ZDCMB-trgonly 0.991508275827215 0.0477793118215419 0.0130454867483841
13094002 8121962 8122430 16668 0.050905360462553 1.00000000 0.97873760488177 ZDCMB-trgonly 0.990797264689067 0.0142181262854758 0.00388206466298241
13094003 8122500 8124157 16668 0.171944872699722 1.00000000 0.958589497061452 ZDCMB-trgonly 0.991501807648509 0.0480250781444345 0.0131125898770451
13094004 8124202 8124437 16668 0.0228284151282574 1.00000000 0.91323165704864 ZDCMB-trgonly 0.945501483876079 0.00637609254195531 0.00174090474708441
13094005 8124903 8125197 16668 0.0278623268317402 1.00000000 0.925403568394223 ZDCMB-trgonly 0.957201681833664 0.0077820897033486 0.00212479301667125
13094006 8125267 8125291 16668 0.00185176628397261 1.00000000 0.73972602739726 ZDCMB-trgonly 0.748818957330413 0.000517207748603936 0.000141216492522442
13094007 8125332 8125728 16668 0.030264104523703 1.00000000 0.742178805490293 ZDCMB-trgonly 0.963555251050227 0.00845291843776227 0.00230795361550773
13094008 8125806 8127101 16668 0.00495847009560988 1.00000000 0.0375453026358762 ZDCMB-trgonly 0.955159922469662 0.00138492593631663 0.000378135060153089
13094009 8127453 8127840 16668 0.0354912338498914 1.00000000 0.931884258618303 ZDCMB-trgonly 0.964051512053426 0.00991288226465498 0.00270657674402801
13094010 8127929 8128232 16668 0.0273006870075359 1.00000000 0.924360602212951 ZDCMB-trgonly 0.950470108436699 0.00762522084170165 0.00208196212233998
13094011 8128346 8130273 16668 0.178385672409047 1.00000000 0.958987200890373 ZDCMB-trgonly 0.993575337512655 0.0498240262869193 0.0136037680304992
13094013 8130354 8132401 16668 0.183613210395994 1.00000000 0.961185425645044 ZDCMB-trgonly 0.993619961859447 0.051284104254842 0.0140024223236646
13094014 8132463 8134185 16668 0.149779181815313 1.00000000 0.959484216459978 ZDCMB-trgonly 0.992179337523546 0.0418340878570524 0.0114222247655701
13094015 8134225 8136004 16668 0.150163726584623 1.00000000 0.957929477158242 ZDCMB-trgonly 0.992515149941964 0.0419414931684535 0.0114515503149171
13094016 8136471 8138609 16668 0.173047592776164 1.00000000 0.960481099656357 ZDCMB-trgonly 0.994177610225089 0.0483330734746298 0.0131966837839149
13094017 8138653 8140781 16668 0.167796640565769 1.00000000 0.961895999238555 ZDCMB-trgonly 0.997789043193278 0.0468664557949198 0.0127962439120083
13094018 8140836 8142648 16668 0.138256067395898 1.00000000 0.964159434265509 ZDCMB-trgonly 0.99741339735444 0.0386156233470575 0.0105434671084464
13094019 8142714 8142936 16668 0.0161358755734046 1.00000000 0.940413599719593 ZDCMB-trgonly 0.974241224669723 0.00450683217925856 0.00123052880483725
13094020 8143037 8143542 16668 0.0376624390557681 1.00000000 0.958842827318819 ZDCMB-trgonly 0.992917575454921 0.0105193109300908 0.00287215378599823
13094021 8143743 8145490 16668 0.128939019596828 1.00000000 0.962903595145409 ZDCMB-trgonly 0.997476697499796 0.0360133244730037 0.0098329450397401
13094022 8145576 8145603 16668 0.00107968314513029 1.00000000 0.63013698630137 ZDCMB-trgonly 0.665249320279072 0.000301560998022098 8.23371005890683e-05
13094035 8156098 8156244 16669 0.0139820920636658 1.00000000 0.917549112685314 ZDCMB-trgonly 0.958623659198266 0.00260916757921906 0.000478093276605692
13094040 8160395 8160791 16669 0.0335732622285256 1.00000000 0.932823754226077 ZDCMB-trgonly 0.9652700991153 0.00626503293902088 0.0011479792059794
13094041 8160942 8162820 16669 0.159903664809704 1.00000000 0.96049883086516 ZDCMB-trgonly 0.993393924148158 0.0298392727011129 0.00546762721215313
13094042 8162915 8162976 16669 0.00374463324420034 1.00000000 0.736175115207373 ZDCMB-trgonly 0.749926380160463 0.00069877780895342 0.000128041209373711
13094044 8163719 8165273 16669 0.125746032478979 1.00000000 0.956898953317149 ZDCMB-trgonly 0.988889463483065 0.0234651917370911 0.00429966648869847
13094045 8167157 8168867 16669 0.129971617671464 1.00000000 0.959246134020619 ZDCMB-trgonly 0.991987144917206 0.0242537189358291 0.00444415301196356
13094048 8169828 8169854 16669 0.000778218459586997 1.00000000 0.312918340026774 ZDCMB-trgonly 0.354592845960689 0.000145221642445103 2.66098243070382e-05
13094050 8170911 8172693 16669 0.130101253684496 1.00000000 0.965464217438284 ZDCMB-trgonly 0.998299431131202 0.0242779100283183 0.00444858568955963
13094052 8173008 8174912 16669 0.132150156808994 1.00000000 0.958880569534798 ZDCMB-trgonly 0.993155808439541 0.0246602513532829 0.00451864436202283
13094053 8174977 8176669 16669 0.115123884464086 1.00000000 0.965538907684872 ZDCMB-trgonly 0.99767621389598 0.0214830159585361 0.00393646064468693
13094054 8176730 8178020 16669 0.0858245580351366 1.00000000 0.963456853442749 ZDCMB-trgonly 0.997195501554776 0.0160155328191547 0.00293462122673908
13094069 8183107 8183560 16669 0.0280144424100021 1.00000000 0.97271986970684 ZDCMB-trgonly 0.980447905983761 0.00522771374650161 0.000957905047620452
13094079 8194616 8194694 16671 0.0111977488945808 1.00000000 0.884899683210137 ZDCMB-trgonly 0.924395978066544 0.00252383671615569 0.000568839115224613
13094081 8195838 8197665 16671 0.259960259881047 1.00000000 0.955843552428522 ZDCMB-trgonly 0.993042547719043 0.0585918879594344 0.0132058296374068
13094082 8197708 8198716 16671 0.134140835603565 1.00000000 0.959806750318728 ZDCMB-trgonly 0.995174860519751 0.0302337165460034 0.00681427624057096
13094083 8198766 8199410 16671 0.0811543538172493 1.00000000 0.939810787298826 ZDCMB-trgonly 0.9746636972032 0.0182912065423244 0.00412259385851832
13094089 8203020 8203218 16671 0.0227877524725059 1.00000000 0.949737762237762 ZDCMB-trgonly 0.98030796793628 0.00513608287792657 0.00115760453966698
13094091 8203942 8204139 16671 0.0221401231127674 1.00000000 0.94627539503386 ZDCMB-trgonly 0.980719033543119 0.00499011507922381 0.00112470534577942
13095001 8204715 8206456 16671 0.194613818634487 1.00000000 0.964319202487292 ZDCMB-trgonly 0.997832640435628 0.0438635930815243 0.00988626852099714
13095002 8206498 8208301 16671 0.194158730205987 1.00000000 0.96396988225782 ZDCMB-trgonly 0.997817959182469 0.0437610216722385 0.00986315029415941
13095003 8208370 8210216 16671 0.0382159110073394 1.00000000 0.192208482099532 ZDCMB-trgonly 0.991817013161239 0.00861340259097422 0.001941345998162
13095004 8210268 8212093 16671 0.182790540778197 1.00000000 0.960555585698009 ZDCMB-trgonly 0.993385509269347 0.0411987697281934 0.00928565289921967
13095005 8212179 8214164 16671 0.193611181485488 1.00000000 0.964856146240394 ZDCMB-trgonly 0.997981915821345 0.0436376108351416 0.0098353351383952
13095006 8214219 8215823 16671 0.150154170247232 1.00000000 0.964609276916291 ZDCMB-trgonly 0.997756648395953 0.03384292785287 0.00762774430421967
13095007 8215874 8217961 16671 0.169463993414019 1.00000000 0.860203496703927 ZDCMB-trgonly 0.992951785768798 0.0381951276699599 0.00860867206289223
13095008 8218108 8220099 16671 0.174754800295146 1.00000000 0.963747286912653 ZDCMB-trgonly 0.997258210722203 0.0393876113370244 0.00887744196775597
13095009 8220151 8222336 16671 0.185766051958701 1.00000000 0.9607015620718 ZDCMB-trgonly 0.99412954073342 0.0418694138404506 0.00943680713237786
13095010 8222427 8222650 16671 0.018023390005999 1.00000000 0.946949602122016 ZDCMB-trgonly 0.980613185905858 0.00406225339351445 0.000915577704133218
13095012 8223131 8224845 16671 0.139272801712675 1.00000000 0.960020653536918 ZDCMB-trgonly 0.997279544620391 0.0313903994305881 0.00707497712682514
13095013 8224900 8226598 16671 0.134467181997155 1.00000000 0.958720012322384 ZDCMB-trgonly 0.992832636478451 0.0303072710629052 0.00683085444709572
13095014 8226646 8228481 16671 0.141868099008834 1.00000000 0.959782074079679 ZDCMB-trgonly 0.991908952517326 0.0319753479472097 0.00720681671633464
13095015 8228527 8230406 16671 0.142709110891476 1.00000000 0.963094365816976 ZDCMB-trgonly 0.997617035720271 0.032164901819878 0.00724953962963794
13095016 8230461 8231977 16671 0.00153132309095191 1.00000000 0.0134849182862363 ZDCMB-trgonly 0.88439220762964 0.000345141642094852 7.77903202135263e-05
13095017 8232073 8232295 16671 0.0148474859570847 1.00000000 0.93047179851011 ZDCMB-trgonly 0.966514586322521 0.00334644316048479 0.00075424363009473
13095043 8283093 8284968 16678 0.173171293128557 1.00000000 0.959800906698792 ZDCMB-trgonly 0.993172184625383 0.0468336575785953 0.0126474826179392
13095045 8285370 8287241 16678 0.157231391990589 1.00000000 0.962390576029396 ZDCMB-trgonly 0.997616915903639 0.0425227590558359 0.0114833195575846
13095046 8287351 8287677 16678 0.0255522234977783 1.00000000 0.950162513542795 ZDCMB-trgonly 0.985692699846374 0.00691052231606476 0.00186619442922296
13095047 8287774 8288325 16678 0.0440464515691021 1.00000000 0.962441058415494 ZDCMB-trgonly 0.993429473035746 0.0119122309077412 0.00321691153618957
13095048 8288380 8288555 16678 0.0132470812576702 1.00000000 0.939727232732072 ZDCMB-trgonly 0.975369656041586 0.00358263345112853 0.000967494247562348
13095049 8288879 8290658 16678 0.128584522835926 1.00000000 0.911690639805369 ZDCMB-trgonly 0.997617988280744 0.0347752990903304 0.00939110916204854
13096001 8290874 8292821 16678 0.141017771656065 1.00000000 0.959406681070301 ZDCMB-trgonly 0.993695739062838 0.0381378339961566 0.0102991655465469
13096002 8292865 8293444 16678 0.0405065038128383 1.00000000 0.969885773624091 ZDCMB-trgonly 0.999897027987309 0.0109548626392032 0.00295837314390233
13096003 8293575 8295508 16678 0.133135942595307 1.00000000 0.959469713877606 ZDCMB-trgonly 0.992344869558584 0.0360062169327528 0.00972351992860083
13096004 8295564 8297478 16678 0.126741425816017 1.00000000 0.958917373662855 ZDCMB-trgonly 0.993493108046298 0.0342768390213716 0.00925649945219804
13096005 8297519 8299669 16678 0.138374296531745 1.00000000 0.961553298186962 ZDCMB-trgonly 0.993879944508328 0.0374229140659923 0.0101061006044206
13096006 8299717 8301930 16678 0.137175327204053 1.00000000 0.957606412619486 ZDCMB-trgonly 0.992806812929932 0.0370986564022311 0.0100185344526788
13096007 8301973 8302370 16678 0.0236317522277655 1.00000000 0.960380756367378 ZDCMB-trgonly 0.980452133520121 0.00639113661290125 0.00172593372800092
13096008 8302492 8302548 16678 0.00247205213747125 1.00000000 0.72156862745098 ZDCMB-trgonly 0.725851842281754 0.000668559096782948 0.000180545146221763
13096009 8302905 8304831 16678 0.113478771065062 1.00000000 0.95960233548998 ZDCMB-trgonly 0.992913838602937 0.0306899937656267 0.00828786780199773
13096010 8304869 8306129 16678 0.0684457848533288 1.00000000 1 ZDCMB-trgonly 1 0.0185109575184571 0.00499890517974616
13096011 8306324 8306585 16678 0.00763091942692402 1.00000000 0.574150360453141 ZDCMB-trgonly 0.592403401960806 0.00206375930440792 0.00055732055277354
13096012 8306728 8307027 16678 0.00479263252578671 1.00000000 0.33577354807223 ZDCMB-trgonly 0.344179695192815 0.0012961531126646 0.000350027625647278
13096014 8307191 8307726 16678 0.0142630832366143 1.00000000 0.485836330935252 ZDCMB-trgonly 0.496013733103866 0.00385740814340804 0.0010416974664466
13096016 8307862 8308602 16678 0.0243548797180493 1.00000000 0.593371574251115 ZDCMB-trgonly 0.609605424593266 0.00658670427688168 0.00177874699859958
13096018 8308852 8310802 16678 0.0596473140006734 1.00000000 0.54352244352825 ZDCMB-trgonly 0.56082715481575 0.0161314374277767 0.00435631306668274
13096060 8364476 8366369 16685 0.241920458701211 1.00000000 0.962268753048895 ZDCMB-trgonly 0.993415959056567 0.073160842424612 0.022085035544653
13096061 8366418 8368277 16685 0.225662731704835 1.00000000 0.967565488654331 ZDCMB-trgonly 0.998363043296207 0.0682442305375898 0.0206008597931773
13096062 8368341 8368983 16685 0.073638072263371 1.00000000 0.962348019348935 ZDCMB-trgonly 0.995143400297095 0.0222693997450068 0.00672245519088104
13096063 8369030 8370924 16685 0.211364348449968 1.00000000 0.967691708836123 ZDCMB-trgonly 0.997831375760645 0.0639201573696895 0.019295553478407
13096064 8370974 8371436 16685 0.0483951219354961 1.00000000 0.944992672203224 ZDCMB-trgonly 0.973409129904277 0.0146355042027084 0.00441801406078394
13096065 8371485 8371715 16685 0.0228067175411887 1.00000000 0.909639690624411 ZDCMB-trgonly 0.939576160870774 0.00689713750218343 0.00208203626207614
13096066 8371827 8372017 16685 0.0197349122903981 1.00000000 0.953216374269006 ZDCMB-trgonly 0.975812458776506 0.00596817158868148 0.00180160967676717
13096067 8372063 8373680 16685 0.163149312159481 1.00000000 0.944068722232882 ZDCMB-trgonly 0.996907503926833 0.0493391141148819 0.0148939795231539
13096069 8374503 8376665 16685 0.210118872349989 1.00000000 0.963900126876212 ZDCMB-trgonly 0.993974992818952 0.0635435043111457 0.0191818533635605
13096070 8376698 8378340 16685 0.152526222213258 1.00000000 0.966425080060678 ZDCMB-trgonly 0.99714636135925 0.0461265118662312 0.0139241925100342
13097001 8378382 8380365 16685 0.177418598646275 1.00000000 0.95826722150705 ZDCMB-trgonly 0.998098675781363 0.0536543879275086 0.0161966295799103
13097002 8380425 8382428 16685 0.172702131081816 1.00000000 0.96661760561175 ZDCMB-trgonly 0.998000278143884 0.0522280482862204 0.0157660609774635
13097003 8382482 8384339 16685 0.153593794291365 1.00000000 0.957259585166562 ZDCMB-trgonly 0.997468684356274 0.0464493637366461 0.0140216516807801
13097004 8384391 8386690 16685 0.186319342129257 1.00000000 0.962655475473649 ZDCMB-trgonly 0.994711311686903 0.0563461234463495 0.017009182752349
13097005 8386737 8389147 16685 0.188561356742877 1.00000000 0.966168730414676 ZDCMB-trgonly 0.998404132612556 0.0570241466228157 0.0172138573495256
13097006 8389225 8391303 16685 0.155577411829448 1.00000000 0.962061029029624 ZDCMB-trgonly 0.993758087559309 0.0470492432628072 0.0142027370841013
13097007 8391351 8392635 16685 0.0933535162480623 1.00000000 0.958310839181813 ZDCMB-trgonly 0.990428800057092 0.0282316837884441 0.00852228759661524
13097013 8398938 8398994 16686 0.000333030060429479 1.00000000 0.0481283422459893 ZDCMB-trgonly 0.875993645206094 7.8374272019188e-05 1.80469754600897e-05
13097014 8399063 8399089 16686 0 1.00000000 0 ZDCMB-trgonly 0.758120027414404 0 0
13097017 8399527 8399658 16686 0.000717023237260754 1.00000000 0.0382409177820268 ZDCMB-trgonly 0.976314472879162 0.000168742047395607 3.88556539024472e-05
13097019 8399905 8399944 16686 0.000193533945662035 1.00000000 0.0387323943661972 ZDCMB-trgonly 0.758674853109781 4.55456846228902e-05 1.04876489634385e-05
13097021 8400950 8402778 16686 0.251108621378707 1.00000000 0.96241626421561 ZDCMB-trgonly 0.992922965062781 0.0590951320517973 0.0136076338634245
13097022 8402825 8404915 16686 0.268605213565381 1.00000000 0.965241994416234 ZDCMB-trgonly 0.994295369245023 0.0632127263424711 0.0145557782123788
13097023 8405058 8406766 16686 0.204710238080027 1.00000000 0.955564917845902 ZDCMB-trgonly 0.992659697704398 0.0481758789693227 0.0110932948163749
13097024 8406818 8409371 16686 0.290665678111614 1.00000000 0.960189069856915 ZDCMB-trgonly 0.994884146162506 0.0684043683431554 0.0157512398526602
13097025 8409532 8409657 16686 0.0130786507703478 1.00000000 0.943283582089552 ZDCMB-trgonly 0.972791068195129 0.00307788952083579 0.000708735088956126
13097026 8409868 8411649 16686 0.189218383524021 1.00000000 0.964528600050794 ZDCMB-trgonly 0.993265410432473 0.0445300734781057 0.0102537876600451
13097027 8411805 8413331 16686 0.156814560768131 1.00000000 0.967404119564464 ZDCMB-trgonly 0.997705778391842 0.0369042573104705 0.0084978170628729
13097028 8413447 8413637 16686 0.017310067319591 1.00000000 0.890062111801242 ZDCMB-trgonly 0.925542967954133 0.00407369810108588 0.000938036523568754
13097029 8413857 8415348 16686 0.144829845427613 1.00000000 0.953549728173969 ZDCMB-trgonly 0.991846049511897 0.0340838111953089 0.0078483625860981
13097031 8416255 8416384 16686 2.37113001082577e-05 1.00000000 0.00189831289997509 ZDCMB-trgonly 0.515315787345979 5.58014457378603e-06 1.28492079852702e-06
13097032 8416744 8418836 16686 0.193531315033178 1.00000000 0.967008299613079 ZDCMB-trgonly 0.998241985933483 0.0455450655387709 0.0104875064090566
13097033 8418900 8421075 16686 0.189164652210128 1.00000000 0.950009223390518 ZDCMB-trgonly 0.993868804856556 0.0445174285156491 0.010250875947805
13097034 8421157 8423570 16686 0.204626631780361 1.00000000 0.964277449959505 ZDCMB-trgonly 0.992960607256869 0.0481562033194305 0.0110887641717946
13097035 8423614 8425113 16686 0.124420781326568 1.00000000 0.96265221977179 ZDCMB-trgonly 0.992006359613441 0.0292808047055958 0.00674239071521066
13097036 8425233 8426858 16686 0.130912022440169 1.00000000 0.961843525601915 ZDCMB-trgonly 0.99223805442486 0.0308084334611604 0.00709415256196889
13097037 8426920 8429001 16686 0.163532058909465 1.00000000 0.962030888880737 ZDCMB-trgonly 0.993681447145869 0.0384851327003327 0.00886183982992734
13097038 8429066 8430850 16686 0.136434282077824 1.00000000 0.959998245537085 ZDCMB-trgonly 0.993372413369187 0.032108025090949 0.00739340508000428
13097039 8430936 8432729 16686 0.125362879512079 1.00000000 0.904779378038712 ZDCMB-trgonly 0.995773677941503 0.0295025152003327 0.00679344323225069
13098028 8503580 8504318 16690 0.0858753745502112 1.00000000 0.943744844652186 ZDCMB-trgonly 0.98267123655749 0.0240090801544353 0.0066664896685761
13098029 8504732 8504880 16690 0.0158417817431254 1.00000000 0.925279329608939 ZDCMB-trgonly 0.964730024517005 0.00442905326063386 0.00122979462826836
13098031 8505952 8506761 16690 0.0825743722966821 1.00000000 0.944486639508389 ZDCMB-trgonly 0.978418332516761 0.0230861842938925 0.00641023346551021
13098032 8507163 8507670 16690 0.0500412929606929 1.00000000 0.954759444253072 ZDCMB-trgonly 0.991001776513504 0.013990569706597 0.00388469644845152
13098036 8508281 8509073 16690 0.0763921918331879 1.00000000 0.962134251290878 ZDCMB-trgonly 0.993906802202637 0.0213577671888186 0.00593031192333331
13098039 8510959 8512625 16690 0.147852552046164 1.00000000 0.964621405898487 ZDCMB-trgonly 0.997627343949054 0.0413366904273425 0.0114777666572161
13098040 8512700 8514288 16690 0.135088157675735 1.00000000 0.962909639380228 ZDCMB-trgonly 0.997621499149586 0.0377680146670609 0.0104868690495866
13098041 8514342 8515875 16690 0.123148779343131 1.00000000 0.960282669488323 ZDCMB-trgonly 0.996117085721738 0.0344299973031421 0.00956001728654724
13098042 8515923 8517712 16690 0.140073664663067 1.00000000 0.959435215946844 ZDCMB-trgonly 0.993641045683023 0.0391618652033327 0.0108738930479999
13098043 8517766 8519442 16690 0.127257275789027 1.00000000 0.964100281857291 ZDCMB-trgonly 0.997377398118207 0.035578652793734 0.00987895911653525
13098044 8519523 8521169 16690 0.120484895117407 1.00000000 0.958748497654402 ZDCMB-trgonly 0.992313063925572 0.0336852272193721 0.0093532204398134
13098045 8521218 8523385 16690 0.15576056641284 1.00000000 0.962753700956409 ZDCMB-trgonly 0.997951015005899 0.0435476170379849 0.0120916643706237
13098046 8523442 8525514 16690 0.141997529569954 1.00000000 0.963274090530408 ZDCMB-trgonly 0.997649277951252 0.0396997403159326 0.0110232423299411
13098047 8525563 8527445 16690 0.124626702747363 1.00000000 0.958080768322443 ZDCMB-trgonly 0.993796771105389 0.0348431958674592 0.00967474821094633
13098048 8527497 8528693 16690 0.0699413985271448 1.00000000 0.880563154734103 ZDCMB-trgonly 0.907623088173013 0.0195542511709184 0.00542953801516582
13098049 8528803 8530724 16690 0.121740279657386 1.00000000 0.956229372937294 ZDCMB-trgonly 0.993152309039751 0.0340362082567518 0.00945067571275627
13098062 8545390 8545823 16691 0.065714578433805 1.00000000 0.927150442477876 ZDCMB-trgonly 0.968709434321192 0.0197195206244973 0.00580196151713331
13098066 8548668 8550402 16691 0.213838555367307 1.00000000 0.964022581571142 ZDCMB-trgonly 0.997368244072455 0.0641683155150411 0.0188798756484491
13099001 8550445 8552717 16691 0.25883223355971 1.00000000 0.962403924450358 ZDCMB-trgonly 0.993580286574852 0.0776699431026065 0.022852382139525
13099003 8552937 8555042 16691 0.224168689930385 1.00000000 0.962560474558141 ZDCMB-trgonly 0.993515635671123 0.0672681649917542 0.019791926591029
13099004 8555087 8556983 16691 0.188698402258535 1.00000000 0.959990647923547 ZDCMB-trgonly 0.993020284535388 0.0566243004799174 0.0166602433484586
13099005 8557097 8558796 16691 0.1634879496066 1.00000000 0.96586603635858 ZDCMB-trgonly 0.997224318011303 0.0490591900756328 0.0144344042789228
13099006 8558856 8560779 16691 0.17596980644703 1.00000000 0.957586273375747 ZDCMB-trgonly 0.993535160230914 0.0528047247691988 0.0155364314816612
13099007 8560821 8562739 16691 0.169436164535536 1.00000000 0.961732124874119 ZDCMB-trgonly 0.993921345038846 0.0508441204482479 0.0149595741108816
13099008 8562989 8563180 16691 1.5984455540249e-05 1.00000000 0.000896117845634494 ZDCMB-trgonly 0.333136697032068 4.7965886445549e-06 1.4112727818877e-06
13099009 8563300 8565471 16691 0.182590875253579 1.00000000 0.964641655557672 ZDCMB-trgonly 0.99419318556316 0.0547915640063778 0.0161210078014589
13099010 8565515 8566203 16691 0.0434713708898919 1.00000000 0.751093100138637 ZDCMB-trgonly 0.768276231280357 0.0130448161620925 0.00383810148389288
13099011 8566309 8567535 16691 0.0913146694310516 1.00000000 0.889961972596125 ZDCMB-trgonly 0.997264812644088 0.0274015530507987 0.00806220188298688
13099013 8568061 8569840 16691 0.139401182646591 1.00000000 0.964828464828465 ZDCMB-trgonly 0.997801672084346 0.0418312733916081 0.0123077757848375
13099014 8569897 8571742 16691 0.13756648450634 1.00000000 0.958816365194641 ZDCMB-trgonly 0.992616079091318 0.0412807202468008 0.012145789688921
13099015 8571788 8573226 16691 0.106597531119622 1.00000000 0.95822102425876 ZDCMB-trgonly 0.991181897792456 0.0319876085875114 0.0094115307153718
13099023 8584808 8584839 16693 0.0035515776888749 1.00000000 0.733678756476684 ZDCMB-trgonly 0.780521041719179 0.000938492417710493 0.000246071322051184
13099025 8585020 8586262 16693 0.177283699939996 1.00000000 0.85935085007728 ZDCMB-trgonly 0.980777214958525 0.0468466193766566 0.0122831142224513
13099026 8586537 8588075 16693 0.222872196042594 1.00000000 0.956159954353098 ZDCMB-trgonly 0.991965774892811 0.0588932256105937 0.015441716536412
13099027 8588258 8589468 16693 0.136772908056502 1.00000000 0.804124783362218 ZDCMB-trgonly 0.833588818350712 0.0361417793453659 0.00947632101971847
13099028 8589606 8591289 16693 0.22034785090657 1.00000000 0.965840061009283 ZDCMB-trgonly 0.997769749595211 0.0582261759280643 0.0152668170975287
13099030 8591751 8593380 16693 0.19591369785145 1.00000000 0.961219175984071 ZDCMB-trgonly 0.992592977750156 0.0517695334485153 0.0135738950014393
13099031 8594033 8595127 16693 0.12447927866681 1.00000000 0.958256693235234 ZDCMB-trgonly 0.988592769652879 0.0328932292701391 0.00862455600097632
13099032 8595239 8597834 16693 0.285464974617458 1.00000000 0.965822872920485 ZDCMB-trgonly 0.995545611076775 0.075433156098374 0.0197784618152836
13099033 8597882 8599713 16693 0.160701015466476 1.00000000 0.838884186508667 ZDCMB-trgonly 0.877585537534038 0.0424647009710891 0.0111341817059704
13099034 8599886 8602095 16693 0.221875054897968 1.00000000 0.963568411777217 ZDCMB-trgonly 0.994229330390803 0.0586297344284779 0.0153726295386819
13099035 8602149 8604052 16693 0.181415322363679 1.00000000 0.960973268350317 ZDCMB-trgonly 0.990749936508821 0.0479383866578893 0.0125693739867236
13099036 8604093 8606037 16693 0.177763381026231 1.00000000 0.96373135458469 ZDCMB-trgonly 0.993704722596786 0.0469733734847706 0.0123163489618807
13099037 8606094 8607681 16693 0.140121325425717 1.00000000 0.953376991496432 ZDCMB-trgonly 0.991967211024529 0.0370265873342724 0.0097083163640419
13099038 8607746 8609020 16693 0.109915650503606 1.00000000 0.965679102657888 ZDCMB-trgonly 0.997382149251775 0.0290448396802575 0.00761551394983181
13099039 8609072 8609194 16693 0.00696110341952416 1.00000000 0.712328767123288 ZDCMB-trgonly 0.963623076822177 0.00183944808488522 0.000482300563702426
13099044 8610940 8612978 16693 0.167538850462338 1.00000000 0.961340924473464 ZDCMB-trgonly 0.993872847164143 0.0442715757910526 0.0116079416078501
13099045 8613028 8614749 16693 0.0102293339159394 1.00000000 0.0717554860103472 ZDCMB-trgonly 0.980634572102301 0.00270306696328501 0.000708740154631282
13099046 8614802 8615505 16693 0.0543171415819419 1.00000000 0.955240722166499 ZDCMB-trgonly 0.993820237650892 0.0143531213426753 0.00376336715960842
13099056 8634501 8635762 16697 0.182766506842327 1.00000000 0.894633071414074 ZDCMB-trgonly 0.998221817607942 0.0600003297171769 0.0187987504011642
13099058 8636346 8637765 16697 0.203329367820954 1.00000000 0.956107743337527 ZDCMB-trgonly 0.999999973120222 0.0667509015804914 0.0209137773705451
13100001 8637999 8639059 16697 0.14359041223116 1.00000000 0.954895945609817 ZDCMB-trgonly 0.988230765556929 0.0471392282259217 0.014769228597571
13100002 8639183 8639713 16697 0.0686270402234091 1.00000000 0.945852921423774 ZDCMB-trgonly 0.9727628129013 0.0225295384370989 0.00705874737237002
13100003 8640017 8642055 16697 0.259187742817322 1.00000000 0.964284044691693 ZDCMB-trgonly 0.993590823934526 0.0850886209753207 0.0266591826283981
13100004 8642123 8644148 16697 0.245376987669934 1.00000000 0.968970853752902 ZDCMB-trgonly 0.997938762215902 0.0805546947280935 0.0252386546369576
13100005 8644215 8646271 16697 0.235019729429007 1.00000000 0.963538585641301 ZDCMB-trgonly 0.990582529308844 0.0771545153398774 0.0241733417638525
13100006 8646360 8648260 16697 0.209178173999176 1.00000000 0.969666297643524 ZDCMB-trgonly 0.998440590703411 0.0686710033825568 0.021515365973341
13100007 8648325 8649799 16697 0.00579803951815508 1.00000000 0.0359003579229336 ZDCMB-trgonly 0.961930996291664 0.00190343563934636 0.000596366914272288
13100008 8650067 8652086 16697 0.205528917416218 1.00000000 0.962665893570416 ZDCMB-trgonly 0.993840803272898 0.0674729906723344 0.0211400156707168
13100009 8652132 8653062 16697 0.092120943858807 1.00000000 0.964556962025316 ZDCMB-trgonly 0.996108170441379 0.0302423409019594 0.00947525156682762
13100010 8653338 8655274 16697 0.185837860340508 1.00000000 0.963647089186299 ZDCMB-trgonly 0.993519917076394 0.0610086228982018 0.0191146595291745
13100011 8655322 8657269 16697 0.18236520847175 1.00000000 0.967603889034874 ZDCMB-trgonly 0.998106812386467 0.0598685876657168 0.0187574741956098
13100012 8657324 8659296 16697 0.179316626849585 1.00000000 0.968282649648226 ZDCMB-trgonly 0.998282532072059 0.0588677702530526 0.0184439073064528
13100013 8659351 8661203 16697 0.162950124534814 1.00000000 0.968164483501907 ZDCMB-trgonly 0.997900361492381 0.0534948189822249 0.0167605037262723
13100014 8661258 8662863 16697 0.137560369711076 1.00000000 0.967447459497417 ZDCMB-trgonly 0.997661725496709 0.0451596284312736 0.0141489986320158
13100015 8662904 8663368 16697 0.0380636456878897 1.00000000 0.946288365453248 ZDCMB-trgonly 0.97042558132338 0.0124958961626456 0.00391509903541732
13100025 8672470 8673768 16698 0.156131149018969 1.00000000 0.788389788184142 ZDCMB-trgonly 0.81392444475964 0.0404692562781763 0.0102739240872921
13100026 8674310 8676002 16698 0.231944655009459 1.00000000 0.963872503101344 ZDCMB-trgonly 0.997283317770557 0.0601201473563138 0.0152626928898782
13100027 8676061 8678343 16698 0.287084111971722 1.00000000 0.969072164948454 ZDCMB-trgonly 0.998359298405722 0.0744123166567152 0.0188910437897744
13100028 8678416 8679171 16698 0.0646329879390924 1.00000000 0.725245316681534 ZDCMB-trgonly 0.751941866053805 0.0167528963270079 0.00425305530506551
13100029 8679353 8680897 16698 0.176166539619791 1.00000000 0.967794356625794 ZDCMB-trgonly 0.997633379416819 0.0456624375360656 0.0115923162427682
13100030 8680946 8682757 16698 0.197664375066158 1.00000000 0.9690365354775 ZDCMB-trgonly 0.998003178013303 0.0512346850828982 0.0130069419007799
13100031 8682816 8684400 16698 0.164935929868808 1.00000000 0.962327865976669 ZDCMB-trgonly 0.992183115444281 0.042751458996367 0.0108533065527699
13100032 8684449 8685301 16698 0.0859404167643994 1.00000000 0.960660432987954 ZDCMB-trgonly 0.990899363431101 0.022275790401499 0.00565515160437594
13100033 8685621 8687281 16698 0.161931217655681 1.00000000 0.968447360199937 ZDCMB-trgonly 0.997577841851202 0.0419726363888395 0.0106555869729435
13100034 8687360 8689417 16698 0.193234323232444 1.00000000 0.968797622676013 ZDCMB-trgonly 0.997627402976287 0.0500864138755789 0.0127154304597361
13100035 8689470 8690541 16698 0.0954369983430858 1.00000000 0.95696993361968 ZDCMB-trgonly 0.987326033282397 0.0247373081453272 0.00628005674880901
13100036 8690682 8690782 16698 0.00602158047530276 1.00000000 0.655971479500891 ZDCMB-trgonly 0.679544412099765 0.00156079606783067 0.000396239066179321
13100037 8691323 8693223 16698 0.163604836845476 1.00000000 0.963007371880274 ZDCMB-trgonly 0.992620393320405 0.0424064391522821 0.0107657164161394
13100038 8693286 8695112 16698 0.153117534256574 1.00000000 0.962088460259395 ZDCMB-trgonly 0.993497065838448 0.0396881261263176 0.0100756186915287
13100040 8695940 8696460 16698 0.0414259185431533 1.00000000 0.954961294862773 ZDCMB-trgonly 0.9903896446039 0.0107376146567528 0.00272595663986943
13100041 8696504 8696861 16698 0.0286474792603552 1.00000000 0.968147957873106 ZDCMB-trgonly 0.988676281467921 0.00742543808327577 0.00188509486455777
13100042 8696917 8699476 16698 0.194145541055807 1.00000000 0.933133696088814 ZDCMB-trgonly 0.999136437606447 0.0503226018998816 0.0127753914784248
13100049 8708402 8709452 16699 0.143365040852653 1.00000000 0.88348042455581 ZDCMB-trgonly 0.916663899393569 0.0401733109002299 0.0110365575778705
13100051 8709742 8710999 16699 0.175102335745697 1.00000000 0.964431036901922 ZDCMB-trgonly 0.9963156345427 0.0490666380829767 0.0134797646552006
13100053 8711178 8713121 16699 0.245643431805157 1.00000000 0.969707091469681 ZDCMB-trgonly 0.998378458695737 0.0688334471068884 0.0189101740746523
13100054 8713170 8715106 16699 0.228472620609078 1.00000000 0.969878011504154 ZDCMB-trgonly 0.997729775358983 0.0640218951937674 0.0175883270937064
13100055 8715156 8717026 16699 0.205415277100345 1.00000000 0.957841588452127 ZDCMB-trgonly 0.983439579539709 0.0575608372970817 0.0158133218503542
13100056 8717331 8719331 16699 0.2115756889991 1.00000000 0.9684729679111 ZDCMB-trgonly 0.993334083767854 0.059287088976084 0.0162875639683743
13100057 8719380 8719636 16699 0.0159130914727918 1.00000000 0.606103023516237 ZDCMB-trgonly 0.990114387162243 0.00445911755974943 0.00122502493799649
13100059 8719796 8721143 16699 0.138495251542597 1.00000000 0.97983640859806 ZDCMB-trgonly 0.997469753121196 0.0388087135143679 0.0106616704380706
13100060 8721200 8723314 16699 0.207506054236226 1.00000000 0.969442610581911 ZDCMB-trgonly 0.994258426749399 0.0581467084369585 0.0159742744933793
13101001 8723371 8723614 16699 0.0224496437677637 1.00000000 0.957306073361395 ZDCMB-trgonly 0.983585801330952 0.00629077014394815 0.00172822317471561
13101002 8723995 8726378 16699 0.219557116334463 1.00000000 0.970667483159829 ZDCMB-trgonly 0.994510336752762 0.0615236200011106 0.0169019918778314
13101003 8726424 8728687 16699 0.197518383191372 1.00000000 0.95627692412062 ZDCMB-trgonly 0.994229057355939 0.0553479939688579 0.0152054015108183
13101004 8728763 8730850 16699 0.178569110437742 1.00000000 0.9693538647343 ZDCMB-trgonly 0.994025541762741 0.0500380870268493 0.0137466446300585
13101005 8730901 8733047 16699 0.178385947964915 1.00000000 0.97297601621439 ZDCMB-trgonly 0.998935935449534 0.0499867618019386 0.0137325443782438
13101006 8733236 8735697 16699 0.197815299184062 1.00000000 0.969021928297946 ZDCMB-trgonly 0.998550253527399 0.055431194855313 0.0152282587599052
13101007 8735785 8736363 16699 0.0437940229940361 1.00000000 0.953146962361393 ZDCMB-trgonly 0.982029372463756 0.0122718264567681 0.0033713606431921
13101013 8744959 8747157 16701 0.259708879533766 1.00000000 0.967588698104805 ZDCMB-trgonly 0.994794432606605 0.0828992366652278 0.0243690681792698
13101014 8747217 8747627 16701 0.0405782769673024 1.00000000 0.873863472362534 ZDCMB-trgonly 0.968328531645321 0.012952611369386 0.00380755097703511
13101015 8747851 8749478 16701 0.171448596582986 1.00000000 0.972547358693978 ZDCMB-trgonly 0.997579047507596 0.0547264991846621 0.0160874073573126
13101021 8751767 8753251 16701 0.134821575844475 1.00000000 0.926432102355336 ZDCMB-trgonly 0.99821965961959 0.0430351312730412 0.0126506116374948
13101024 8754065 8755762 16701 0.151001540270651 1.00000000 0.971455487517664 ZDCMB-trgonly 0.997786360064884 0.0481997860303546 0.0141688140838166
13101026 8755965 8757945 16701 0.143295434488894 1.00000000 0.970883429168845 ZDCMB-trgonly 0.994492002610635 0.0457399922485016 0.0134457328494382
13101027 8758014 8758666 16701 0.0284264355742719 1.00000000 0.707240293809024 ZDCMB-trgonly 1 0.00907373600182984 0.00266731637303525
13101038 8771243 8771709 16704 0.0569432756532076 1.00000000 0.936212624584718 ZDCMB-trgonly 0.973244490255431 0.0140569250643606 0.00344228941779421
13101039 8772002 8773998 16704 0.2292042798864 1.00000000 0.965032990167133 ZDCMB-trgonly 0.993568358830146 0.0565809983678448 0.0138556740566022
13101040 8774072 8775619 16704 0.1648520141701 1.00000000 0.968325126772985 ZDCMB-trgonly 0.997288289036969 0.0406951019820281 0.00996550228925637
13101041 8775685 8778096 16704 0.240969428147428 1.00000000 0.968695190007972 ZDCMB-trgonly 0.994836029545298 0.0594853238668477 0.0145668914021649
13101042 8778276 8780364 16704 0.19561787700091 1.00000000 0.972223177146 ZDCMB-trgonly 0.998155475697752 0.0482899131935733 0.0118253356556539
13101043 8780430 8782373 16704 0.173681423181275 1.00000000 0.967113466334165 ZDCMB-trgonly 0.99239457218453 0.0428747156310312 0.010499250670534
13101044 8782420 8784370 16704 0.164566724090223 1.00000000 0.957371442530842 ZDCMB-trgonly 0.991723174232228 0.040624675733653 0.00994825616121583
13101045 8784418 8785380 16704 0.0779346574261764 1.00000000 0.959932375316991 ZDCMB-trgonly 0.986678407470068 0.0192388236677541 0.00471124366240128
13101046 8785668 8787251 16704 0.0036324464626615 1.00000000 0.027648617972166 ZDCMB-trgonly 0.951363936985454 0.00089669986737158 0.000219585752236565
13101047 8787314 8789256 16704 0.150204607611115 1.00000000 0.969669737137722 ZDCMB-trgonly 0.997673518336965 0.0370792668544385 0.00908004896719612
13101048 8789310 8791613 16704 0.171634657363655 1.00000000 0.964601419114441 ZDCMB-trgonly 0.994576534601911 0.0423694543268202 0.0103755212181294
13101049 8791652 8793782 16704 0.150288525392247 1.00000000 0.952727760153702 ZDCMB-trgonly 0.992266690270878 0.0370999826623617 0.00908512189787396
13101050 8793826 8796053 16704 0.155245477002235 1.00000000 0.96759113588349 ZDCMB-trgonly 0.998114663461414 0.0383236477313263 0.00938477557736187
13101058 8802783 8803701 16705 0.126743213275774 1.00000000 0.962841740469773 ZDCMB-trgonly 0.994695909437098 0.0316858033189434 0.00792145082973586
13101060 8804487 8806263 16705 0.216894309610208 1.00000000 0.970990330110037 ZDCMB-trgonly 1 0.0542235774025521 0.013555894350638
13101061 8806314 8806415 16705 0 1.00000000 0 ZDCMB-trgonly 0 0 0
13103003 8897475 8899545 16710 0.23469199196052 1.00000000 0.969052890528905 ZDCMB-trgonly 0.998088793906906 0.0558665746194654 0.013169121965632
13103004 8899627 8901730 16710 0.219468093701425 1.00000000 0.964178949283839 ZDCMB-trgonly 0.993558374229752 0.052242645907684 0.0123148730784347
13103007 8903588 8905748 16710 0.168261080353974 1.00000000 0.807152570816817 ZDCMB-trgonly 0.834128803069739 0.0400532209157286 0.00944152661852746
13103011 8908314 8910632 16710 0.195401063825394 1.00000000 0.966426325318426 ZDCMB-trgonly 0.998265354907826 0.0465136795752307 0.0109644151904583
13103012 8910699 8912625 16710 0.151670517388829 1.00000000 0.966129428127301 ZDCMB-trgonly 0.997965463006613 0.0361039684673233 0.00851059094687811
13103013 8912702 8914728 16710 0.15730090748516 1.00000000 0.962593721677515 ZDCMB-trgonly 0.994008016908501 0.0374442383496732 0.0088265254330669
13103014 8914780 8916611 16710 0.136627544815217 1.00000000 0.960609668968802 ZDCMB-trgonly 0.992136194061739 0.0325231076856583 0.00766649422720446
13103015 8916651 8918173 16710 0.108989384496697 1.00000000 0.95319874893375 ZDCMB-trgonly 0.989637604449417 0.0259440619633011 0.00611565177578622
13103016 8918240 8919923 16710 0.118887468657322 1.00000000 0.960095064389543 ZDCMB-trgonly 0.992709486911486 0.0283002227028731 0.00667105665538387
13103017 8919978 8922304 16710 0.159050213916715 1.00000000 0.964080148872636 ZDCMB-trgonly 0.997873880454462 0.037860646926184 0.00892468314846217
13104003 8983995 8986847 16716 0.282094767897722 1.00000000 0.969471449909594 ZDCMB-trgonly 0.995684221192322 0.0577070039316608 0.0117653129554001
13104004 8986910 8987379 16716 0.0335106246802097 1.00000000 0.753985507246377 ZDCMB-trgonly 0.931230553705848 0.00685513511854427 0.00139762601636258
13104008 8989312 8991675 16716 0.205889665116168 1.00000000 0.972042048758667 ZDCMB-trgonly 0.996816139025889 0.0421180293519473 0.00858703038849872
13104009 8991726 8992278 16716 0.046364582675325 1.00000000 0.970999831394369 ZDCMB-trgonly 0.999999874911448 0.00948461814685218 0.00193372542598697
13104011 8993489 8995648 16716 0.168512315048281 1.00000000 0.946431749421605 ZDCMB-trgonly 0.994340948859058 0.0344718936104129 0.00702813504184106
13104012 8995708 8996830 16716 0.0862011039025999 1.00000000 0.96222509702458 ZDCMB-trgonly 0.993452619122232 0.0176338167449613 0.003595185306247
13104013 8997275 8997847 16716 0.028173432777277 1.00000000 0.644266666666667 ZDCMB-trgonly 0.793095090374128 0.0057633270129851 0.00117502800963955
13104014 8998088 9000774 16716 0.197447949202013 1.00000000 0.967221172022684 ZDCMB-trgonly 0.997226217710745 0.040391141125418 0.00823495214773313
13104018 9006519 9008670 16717 0.255267124846999 1.00000000 0.966257827459504 ZDCMB-trgonly 0.993345732097972 0.0638167812117498 0.0159541953029375
13104019 9008873 9009456 16717 0.0633539156613849 1.00000000 0.972431077694236 ZDCMB-trgonly 0.999999545034951 0.0158384789153462 0.00395961972883656
13104022 9009989 9011815 16717 0.169640579688325 1.00000000 0.974387233292188 ZDCMB-trgonly 1.00000000869539 0.0424101449220812 0.0106025362305203
13104043 9029901 9030850 16720 0.11118797074809 1.00000000 0.941950746087589 ZDCMB-trgonly 0.99567075575539 0.024237234751642 0.00527990557981405
13104044 9030892 9033108 16720 0.248398209603113 1.00000000 0.959259878504152 ZDCMB-trgonly 0.993584001524818 0.0541469160515431 0.0117955124468519
13104045 9033156 9035407 16720 0.206526355873166 1.00000000 0.852086322838412 ZDCMB-trgonly 0.997365819374108 0.0450195082797219 0.00980717294700809
13104046 9035577 9037391 16720 0.173815775607986 1.00000000 0.958582337317397 ZDCMB-trgonly 0.997728738848122 0.0378891145202583 0.00825386844743796
13104047 9037475 9039074 16720 0.148553064903974 1.00000000 0.959051509415164 ZDCMB-trgonly 0.997212806710731 0.0323822395797741 0.00705423573258665
13104050 9039506 9040378 16720 0.0779014588986476 1.00000000 0.959655572755418 ZDCMB-trgonly 0.995005505302936 0.0169812969345369 0.00369925221898783
13104051 9040438 9041060 16720 0.0527415441922284 1.00000000 0.919170433395374 ZDCMB-trgonly 0.978772179272633 0.0114968299102006 0.00250450090594302
13104052 9041095 9041464 16720 0.0320924634028877 1.00000000 0.958402662229617 ZDCMB-trgonly 0.989397911479101 0.00699565397246567 0.00152395241545315
13104054 9042423 9044257 16720 0.149947068910527 1.00000000 0.930105642617534 ZDCMB-trgonly 0.997585032319833 0.0326861106021897 0.00712043182810813
13104055 9044820 9044894 16720 0.00333537161855469 1.00000000 0.575260804769002 ZDCMB-trgonly 0.905627832650857 0.000727058730894802 0.000158384464623957
13104056 9044942 9046997 16720 0.165792180517397 1.00000000 0.959390132809129 ZDCMB-trgonly 0.997802748209923 0.0361400965603629 0.00787285758624551
13104057 9047104 9049074 16720 0.155156171310941 1.00000000 0.958865103981288 ZDCMB-trgonly 0.995884753394944 0.0338216132727999 0.00736779283887865
13104058 9049146 9049744 16720 0.0379834234895277 1.00000000 0.788896623738253 ZDCMB-trgonly 0.817918845780689 0.00827979093055385 0.00180369232636835
13104059 9049909 9051391 16720 0.106260396041786 1.00000000 0.909352104582675 ZDCMB-trgonly 0.949289889692565 0.0231631007054013 0.00504591327820338
13104060 9051686 9053686 16720 0.146385605900869 1.00000000 0.956789777503783 ZDCMB-trgonly 0.997793294631578 0.031909767492017 0.00695131111936172
13104061 9053760 9055795 16720 0.145541330268568 1.00000000 0.952763477965718 ZDCMB-trgonly 0.996709070396559 0.031725728638196 0.0069112195915472
13104062 9055864 9057772 16720 0.132353561172204 1.00000000 0.944236977023862 ZDCMB-trgonly 0.996807045974218 0.0288510016934692 0.00628498120290939
13104063 9057863 9058092 16720 0.015573912491069 1.00000000 0.946127946127946 ZDCMB-trgonly 0.982026782172629 0.00339486880197474 0.000739547514968419
13105006 9074938 9077069 16722 0.25161234313368 1.00000000 0.965232845519425 ZDCMB-trgonly 0.998314731124426 0.063682863886334 0.0160823269449593
13105007 9077126 9079720 16722 0.21559181595004 1.00000000 0.730703345425232 ZDCMB-trgonly 0.995760518665393 0.0545660999741162 0.0137799999299872
13105008 9079780 9081661 16722 0.194013936601514 1.00000000 0.95758945386064 ZDCMB-trgonly 0.989604638219786 0.0491047575916487 0.0124008048311303
13105009 9082050 9084333 16722 0.224565214795968 1.00000000 0.964899056109072 ZDCMB-trgonly 0.996699346139963 0.0568372593702967 0.0143535534061419
13105010 9084378 9086517 16722 0.201643813129938 1.00000000 0.968070854420959 ZDCMB-trgonly 0.998302053653476 0.0510358726648508 0.0128884842802048
13105011 9086595 9087752 16722 0.106794600500371 1.00000000 0.966140119935644 ZDCMB-trgonly 0.996516780287597 0.0270296199413684 0.00682599931232617
13105012 9088219 9088899 16722 0.0441592553657884 1.00000000 0.706934543097861 ZDCMB-trgonly 0.718883299103535 0.0111766688937326 0.00282253077728083
13105013 9089337 9089387 16722 0.00271383129206574 1.00000000 0.605790645879733 ZDCMB-trgonly 0.595462530625248 0.000686868325419458 0.000173460179134671
13105014 9089546 9091290 16722 0.148104342372063 1.00000000 0.944065484311051 ZDCMB-trgonly 0.990994096391397 0.0374850794630696 0.00946639749994395
13105015 9091526 9093241 16722 0.14346770577009 1.00000000 0.961262172085351 ZDCMB-trgonly 0.998275585458481 0.0363115507961673 0.00917003721479579
13105016 9093306 9094926 16722 0.130280898353846 1.00000000 0.959319614606875 ZDCMB-trgonly 0.995807323022649 0.0329739813775724 0.00832717495459427
13105017 9094982 9096466 16722 0.117977306854362 1.00000000 0.95482270929687 ZDCMB-trgonly 0.997060375937723 0.0298599531346956 0.0075407652791882
13105018 9096573 9097357 16722 0.0612559003289428 1.00000000 0.955350366810018 ZDCMB-trgonly 0.994026750969978 0.0155038147743426 0.00391529844732021
13105022 9101354 9101883 16722 0.0388144433557338 1.00000000 0.948157148643175 ZDCMB-trgonly 0.985722239421609 0.0098239016506983 0.00248090598600668
13105038 9110822 9112138 16723 0.179570175235656 1.00000000 0.958029197080292 ZDCMB-trgonly 0.995504269502187 0.044892543808914 0.0112231359522285
13105039 9112208 9113679 16723 0.177989990782059 1.00000000 0.897461423593828 ZDCMB-trgonly 0.953855333202288 0.0444974976955148 0.0111243744238787
13105040 9113716 9115586 16723 0.22511374815627 1.00000000 0.950525760724588 ZDCMB-trgonly 0.995783662622758 0.0562784370390675 0.0140696092597669
13105041 9115637 9117119 16723 0.163417015283355 1.00000000 0.91341041438096 ZDCMB-trgonly 0.946280203871839 0.0408542538208388 0.0102135634552097
13105042 9117169 9118990 16723 0.192177468083716 1.00000000 0.956291974017395 ZDCMB-trgonly 0.996214888143567 0.0480443670209291 0.0120110917552323
13105043 9119111 9119224 16723 0.0110046266344285 1.00000000 0.927409261576971 ZDCMB-trgonly 0.96350259144092 0.00275115665860713 0.000687789164651783
13105044 9119347 9121165 16723 0.177968220133861 1.00000000 0.929148155302299 ZDCMB-trgonly 0.997983570677846 0.0444920550334653 0.0111230137583663
13105046 9121428 9122670 16723 0.00335727707327651 1.00000000 0.0263150932289152 ZDCMB-trgonly 0.950365486243622 0.000839319268319128 0.000209829817079782
13105047 9122770 9123447 16723 0.0653983126020814 1.00000000 0.960860608834974 ZDCMB-trgonly 0.992781669014223 0.0163495781505204 0.00408739453763009
13105048 9123658 9124728 16723 0.0993562775421642 1.00000000 0.948654708520179 ZDCMB-trgonly 0.996669958158943 0.024839069385541 0.00620976734638526
13105049 9124821 9125148 16723 0.0274149369605265 1.00000000 0.882124352331606 ZDCMB-trgonly 0.988789341098366 0.00685373424013162 0.0017134335600329
13105050 9125509 9126940 16723 0.125918906037398 1.00000000 0.928197812648597 ZDCMB-trgonly 0.98032814306791 0.0314797265093496 0.00786993162733739
13105051 9126991 9127830 16723 0.0756184270531371 1.00000000 0.964147590676283 ZDCMB-trgonly 0.995872566065041 0.0189046067632843 0.00472615169082107
13105052 9127984 9128713 16723 0.0644360464130821 1.00000000 0.96159809183065 ZDCMB-trgonly 0.993419749611673 0.0161090116032705 0.00402725290081763
13105053 9128819 9130752 16723 0.164920831913628 1.00000000 0.950271164629102 ZDCMB-trgonly 0.993714083216111 0.041230207978407 0.0103075519946018
13105054 9131416 9133287 16723 0.153836933509498 1.00000000 0.944251217330816 ZDCMB-trgonly 0.997970333264935 0.0384592333773745 0.00961480834434363
13105055 9133426 9135404 16723 0.161249343303546 1.00000000 0.958146634497021 ZDCMB-trgonly 0.997647659892764 0.0403123358258865 0.0100780839564716
13105056 9135592 9137415 16723 0.14492440259345 1.00000000 0.96064139941691 ZDCMB-trgonly 0.996333057715228 0.0362311006483626 0.00905777516209064
13105057 9137582 9139092 16723 0.115210713383508 1.00000000 0.9408215835141 ZDCMB-trgonly 0.997851673112852 0.0288026783458769 0.00720066958646923
13105061 9147102 9147828 16724 0.077293067407762 1.00000000 0.841309652928417 ZDCMB-trgonly 0.978236923627643 0.0207597279789521 0.00555841808617126
13105062 9148016 9148130 16724 0.000433176469238794 1.00000000 0.0332225913621262 ZDCMB-trgonly 0.714742554643541 0.000116344530885796 3.11512532995802e-05
13105063 9148624 9150607 16724 0.226171316196841 1.00000000 0.943351970544116 ZDCMB-trgonly 0.997723041829435 0.0607461336230588 0.0162647799690692
13105064 9150710 9152456 16724 0.00659916942683852 1.00000000 0.0331663377851962 ZDCMB-trgonly 0.960995754032264 0.0017724353138355 0.000474569633811221
13105065 9152513 9154507 16724 0.205346199913463 1.00000000 0.933182093163944 ZDCMB-trgonly 0.997967913144814 0.0551528279920085 0.0147671721385314
13105066 9154582 9156568 16724 0.183944198344781 1.00000000 0.879507985574446 ZDCMB-trgonly 0.99656213697098 0.0494045798544746 0.0132280784450175
13106001 9156666 9159207 16724 0.232278768961567 1.00000000 0.909447566535892 ZDCMB-trgonly 0.998077904561832 0.0623865014114287 0.0167039885170854
13106002 9159258 9161711 16724 0.227920792683724 1.00000000 0.965998484936775 ZDCMB-trgonly 0.997412237842955 0.0612160160742449 0.0163905910161935
13106003 9161778 9161983 16724 0.0178694335251484 1.00000000 0.935683843471523 ZDCMB-trgonly 0.960902735671458 0.00479945474492574 0.00128505422060459
13106005 9162898 9164888 16724 0.172444604391123 1.00000000 0.942828979793002 ZDCMB-trgonly 0.992676407532948 0.0463159659547711 0.0124011019365239
13106006 9164950 9166913 16724 0.162931761424121 1.00000000 0.932168824259621 ZDCMB-trgonly 0.996437783522713 0.0437609627840517 0.0117169997243585
13106007 9167063 9168916 16724 0.154350262319184 1.00000000 0.960441978379413 ZDCMB-trgonly 0.992761265414542 0.0414561042366444 0.0110998737461682
13106008 9168969 9170777 16724 0.148107840692208 1.00000000 0.958109781262897 ZDCMB-trgonly 0.992122847190875 0.0397794858897197 0.0106509591094928
13106009 9170826 9172596 16724 0.141327985658221 1.00000000 0.957988826815642 ZDCMB-trgonly 0.990529707375988 0.037958521203459 0.0101633957340645
13106010 9172657 9174434 16724 0.130929175104186 1.00000000 0.909845165059889 ZDCMB-trgonly 0.995447121929345 0.0351655607783336 0.00941558045648874
13106011 9174547 9176247 16724 0.123770747057436 1.00000000 0.913019825918762 ZDCMB-trgonly 0.995639287507857 0.0332429172089765 0.00890079255560628
13106012 9176300 9177084 16724 0.042248425823856 1.00000000 0.692564856913613 ZDCMB-trgonly 0.861195562932207 0.0113472767617722 0.00303823385573133
13106023 9186001 9186423 16725 0.0300613112887471 1.00000000 0.52175899486008 ZDCMB-trgonly 0.547169994550956 0.00750263743962623 0.00184629038526048
13106024 9186546 9187969 16725 0.168839063729308 1.00000000 0.915010431536181 ZDCMB-trgonly 0.984105323479714 0.0421384905215735 0.0103696720687128
13106025 9188018 9189314 16725 0.133250881056229 1.00000000 0.8363129480485 ZDCMB-trgonly 0.974163264199152 0.0332564684046193 0.00818393509712585
13106035 9191563 9191753 16725 0.0199913858312806 1.00000000 0.947046109510086 ZDCMB-trgonly 0.977551200514872 0.00498940709429148 0.00122782080574584
13106040 9194443 9196247 16725 0.177486340909669 1.00000000 0.945341274194812 ZDCMB-trgonly 0.992657260911177 0.0442966593686023 0.010900766157172
13106041 9196311 9196486 16725 0.0165378246786403 1.00000000 0.950171821305842 ZDCMB-trgonly 0.971984157602858 0.00412747472697199 0.0010157117367241
13106042 9196637 9198481 16725 0.173733071302505 1.00000000 0.943304751983332 ZDCMB-trgonly 0.998239487711448 0.0433599264095758 0.0106702497461466
13106043 9198520 9200206 16725 0.154811533549079 1.00000000 0.952401050459576 ZDCMB-trgonly 0.991708252432128 0.0386375296983819 0.00950813632757558
13106044 9201513 9202089 16725 0.0481617684671397 1.00000000 0.939865639849254 ZDCMB-trgonly 0.977230335412331 0.0120201106262265 0.00295797509309939
13106045 9202213 9204068 16725 0.151522822754931 1.00000000 0.95309819897084 ZDCMB-trgonly 0.996268635792244 0.0378167403291067 0.00930615195434531
13106046 9204113 9205971 16725 0.142541683382665 1.00000000 0.941183143327094 ZDCMB-trgonly 0.995906420656745 0.0355752468740263 0.00875455288694517
13106047 9206013 9207402 16725 0.101241918532122 1.00000000 0.93706522628693 ZDCMB-trgonly 0.997636361814116 0.0252677403571222 0.0062180248551284
13106049 9207951 9209772 16725 0.129768539950273 1.00000000 0.954171487337704 ZDCMB-trgonly 0.995889445621766 0.0323873531984282 0.0079700584355136
13106050 9209817 9211790 16725 0.136296984873976 1.00000000 0.953221147808615 ZDCMB-trgonly 0.996317635401252 0.0340167084463295 0.00837101915800371
13106051 9211843 9212989 16725 0.073866279847649 1.00000000 0.913313379891365 ZDCMB-trgonly 0.993499803446201 0.0184353873118746 0.00453668174910005
13106052 9213085 9213681 16725 0.0390140172438459 1.00000000 0.952067242162653 ZDCMB-trgonly 0.993362559077678 0.009737034543582 0.00239614314345173
13106053 9213711 9215374 16725 0.107834601967726 1.00000000 0.95028309935624 ZDCMB-trgonly 0.995223812078332 0.0269131281147109 0.00662293094599406
13106062 9226692 9226862 16726 0.0196351947896028 1.00000000 0.926793318047822 ZDCMB-trgonly 0.957870625689148 0.00527167673230734 0.00138600346593661
13106064 9227103 9227659 16726 0.0574250985294146 1.00000000 0.835925787106447 ZDCMB-trgonly 0.874983849436017 0.0154175478782758 0.00405350629043238
13106066 9228362 9228439 16726 0.00745398055927163 1.00000000 0.879042977403633 ZDCMB-trgonly 0.925656037274964 0.00200125215453381 0.000526159429579235
13106069 9228835 9229828 16726 0.101262490172928 1.00000000 0.917064868756955 ZDCMB-trgonly 0.94964392138935 0.0271870546241178 0.00714788744664595
13106071 9230105 9232043 16726 0.192109055439117 1.00000000 0.929106843184785 ZDCMB-trgonly 0.970342122787448 0.0515776313133496 0.0135605385905016
13106072 9232191 9234300 16726 0.20544916774181 1.00000000 0.952696584447101 ZDCMB-trgonly 0.998038832654289 0.0551591980044888 0.0145021865897008
13106073 9234394 9236559 16726 0.199660693148675 1.00000000 0.946443953409985 ZDCMB-trgonly 0.998094307707548 0.0536051025572495 0.0140935914148356
13106074 9236614 9237734 16726 0.0942363924079383 1.00000000 0.89166164053076 ZDCMB-trgonly 0.993465283363611 0.0253006808700757 0.00665193128432454
13106075 9238675 9240794 16726 0.171392495103933 1.00000000 0.949563024479325 ZDCMB-trgonly 0.993809692535329 0.0460156284779992 0.0120982040053589
13106076 9240881 9242749 16726 0.142042155392705 1.00000000 0.951717485665291 ZDCMB-trgonly 0.996360625180272 0.0381356199219888 0.0100264306920776
13107001 9242919 9244039 16726 0.0690103626520938 1.00000000 0.806350114416476 ZDCMB-trgonly 0.847743659937695 0.0185279711751968 0.00487128357249565
13107002 9244115 9246094 16726 0.131172677963948 1.00000000 0.895697522816167 ZDCMB-trgonly 0.942887432841926 0.0352173717524389 0.00925917915469262
13107003 9246148 9246851 16726 0.00516547414859858 1.00000000 0.104489542164395 ZDCMB-trgonly 0.838753232544031 0.00138683166488989 0.000364618999193968
13107004 9246970 9247049 16726 0 1.00000000 0 ZDCMB-trgonly 0.123351503837105 0 0
13107013 9265191 9265425 16727 0.0316394898224729 1.00000000 0.936298855538761 ZDCMB-trgonly 0.977190016824254 0.0089692646122293 0.00252809002880912
13107015 9266431 9267767 16727 0.169897986690698 1.00000000 0.940578670492587 ZDCMB-trgonly 0.996544621410845 0.0481632291880861 0.0135753581513953
13107016 9267822 9268100 16727 0.0338137364786949 1.00000000 0.947126436781609 ZDCMB-trgonly 0.98479416182778 0.00958562706628059 0.00270181885068988
13107017 9268160 9270290 16727 0.257444728912942 1.00000000 0.958299241804396 ZDCMB-trgonly 0.996597298612997 0.0729812620114915 0.0205706051452193
13107019 9270559 9272367 16727 0.207950314625921 1.00000000 0.966744537584169 ZDCMB-trgonly 0.997746687549375 0.0589504258299207 0.0166158531582928
13107021 9272583 9272846 16727 0.0187155390577714 1.00000000 0.644508670520231 ZDCMB-trgonly 0.931800799538232 0.0053055413697105 0.00149542764251947
13107024 9274038 9275847 16727 0.189490303728167 1.00000000 0.959754030509677 ZDCMB-trgonly 0.996366847925592 0.0537173224070904 0.0151408429813218
13107025 9275899 9277696 16727 0.171669662100984 1.00000000 0.907815207743353 ZDCMB-trgonly 0.990489218675779 0.0486654694470471 0.0137169203246213
13107026 9277756 9278410 16727 0.0636489793246692 1.00000000 0.9481852913085 ZDCMB-trgonly 0.978709569552575 0.0180434179269156 0.00508574414054813
13107027 9279222 9280714 16727 0.121778721635029 1.00000000 0.860795926274423 ZDCMB-trgonly 0.941539651069922 0.0345222247454752 0.00973048470800452
13107028 9280746 9282593 16727 0.154842871873791 1.00000000 0.935067637877211 ZDCMB-trgonly 0.993614903939357 0.0438953566870441 0.0123724093723615
13107029 9283318 9285350 16727 0.161107969277281 1.00000000 0.947124743515547 ZDCMB-trgonly 0.996568294380363 0.0456714067039246 0.0128730094251484
13107030 9285509 9285726 16727 0.0165578630197132 1.00000000 0.94494441503441 ZDCMB-trgonly 0.980005723179563 0.00469387640793655 0.00132302286267562
13107031 9285785 9287779 16727 0.150231241339517 1.00000000 0.951180316967749 ZDCMB-trgonly 0.99767340151134 0.0425880367906795 0.0120039262762159
13107032 9287829 9289646 16727 0.127737533661062 1.00000000 0.918889458835599 ZDCMB-trgonly 0.996049118048994 0.0362114479957839 0.0102066116415009
13107033 9289710 9291604 16727 0.13061981943426 1.00000000 0.933734939759036 ZDCMB-trgonly 0.988846489250094 0.0370285276621416 0.010436914910115
13107034 9291698 9292861 16727 0.0760982779989846 1.00000000 0.916772188327386 ZDCMB-trgonly 0.993442997684874 0.0215725852640987 0.00608048040275703
13107052 9320483 9320553 16730 0.00653640624827988 1.00000000 0.835164835164835 ZDCMB-trgonly 0.862942383279401 0.00180446187904076 0.000497256786968724
13107059 9322440 9324519 16730 0.213651061381305 1.00000000 0.926387959866221 ZDCMB-trgonly 0.996639847317231 0.0589812170534257 0.0162534940882665
13107060 9324586 9326230 16730 0.142000828509519 1.00000000 0.818773690078038 ZDCMB-trgonly 0.85629638314764 0.0392012173210718 0.010802706112418
13107061 9326329 9326450 16730 0.00123077242883733 1.00000000 0.107925801011804 ZDCMB-trgonly 0.826198474931121 0.000339771098253849 9.36309525764865e-05
13107062 9327025 9327713 16730 0.0654856368367679 1.00000000 0.957054525014053 ZDCMB-trgonly 0.990363804164926 0.0180781810077597 0.00498181663274391
13108001 9327777 9329686 16730 0.172664115411493 1.00000000 0.927492699207343 ZDCMB-trgonly 0.992558032525826 0.0476662254920776 0.0131354141699669
13108002 9329766 9331567 16730 0.156407851856135 1.00000000 0.929383686648884 ZDCMB-trgonly 0.995612487206772 0.0431784677293157 0.0118987197117879
13108003 9331627 9331777 16730 0.00581699845008405 1.00000000 0.459697732997481 ZDCMB-trgonly 0.981825421132684 0.00160585978822509 0.000442527873761219
13108008 9333378 9334366 16730 0.0791646207881739 1.00000000 0.915261876859281 ZDCMB-trgonly 0.960040050578923 0.0218544464580319 0.00602244467058395
13108009 9334413 9334881 16730 0.0376651987261871 1.00000000 0.932262434681633 ZDCMB-trgonly 0.973424566530248 0.010397979055507 0.00286537815853337
13108010 9335514 9337060 16730 0.120227600662789 1.00000000 0.953002447135596 ZDCMB-trgonly 0.988671573705431 0.0331904281900517 0.00914630886448804
13108011 9337276 9338246 16730 0.0688846051163807 1.00000000 0.905244275614646 ZDCMB-trgonly 0.977824744637376 0.0190165114076249 0.00524039297906168
13108012 9338356 9340349 16730 0.141575347246747 1.00000000 0.947913826015817 ZDCMB-trgonly 0.996370544365092 0.0390837575595829 0.0107703376460765
13108013 9340408 9342208 16730 0.121311178477654 1.00000000 0.940620440271522 ZDCMB-trgonly 0.990310325518859 0.03348956425743 0.00922874199397596
13108016 9344741 9345779 16730 0.064400469872248 1.00000000 0.95298665669036 ZDCMB-trgonly 0.993417767064359 0.0177786062344834 0.00489926260877336
13108025 9359486 9361238 16731 0.215654683968946 1.00000000 0.926652892561983 ZDCMB-trgonly 0.996116342417441 0.0539136709922364 0.0134784177480591
13108026 9361285 9362644 16731 0.152799093501532 1.00000000 0.903900904050747 ZDCMB-trgonly 0.98772113346258 0.0381997733753829 0.00954994334384572
13108028 9363070 9364495 16731 0.159214635224748 1.00000000 0.944566607005881 ZDCMB-trgonly 0.983732121320363 0.039803658806187 0.00995091470154674
13108029 9364569 9365550 16731 0.103562106532312 1.00000000 0.929424100661397 ZDCMB-trgonly 0.963113557449075 0.0258905266330779 0.00647263165826948
13108031 9365874 9367747 16731 0.189248968368666 1.00000000 0.928047822672135 ZDCMB-trgonly 0.996047778050279 0.0473122420921666 0.0118280605230416
13108032 9367812 9369424 16731 0.160841686943917 1.00000000 0.966244950031895 ZDCMB-trgonly 0.997666929374477 0.0402104217359794 0.0100526054339948
13108033 9369481 9371155 16731 0.160584808214834 1.00000000 0.957850779510022 ZDCMB-trgonly 0.997881495316502 0.0401462020537084 0.0100365505134271
13108034 9371212 9371739 16731 0.0492813131852417 1.00000000 0.956759715380405 ZDCMB-trgonly 0.985177331674729 0.0123203282963104 0.00308008207407761
13108040 9373168 9374668 16731 0.123125967104347 1.00000000 0.954075124025514 ZDCMB-trgonly 0.997405471865626 0.0307814917760868 0.0076953729440217
13108043 9377069 9377184 16731 0.00800440594141273 1.00000000 0.923076923076923 ZDCMB-trgonly 0.957335085294407 0.00200110148535318 0.000500275371338295
13108044 9377213 9378078 16731 0.05801074676978 1.00000000 0.89923281203895 ZDCMB-trgonly 0.940797360788272 0.014502686692445 0.00362567167311125
13108045 9378175 9378230 16731 0.00349777421916747 1.00000000 0.88121546961326 ZDCMB-trgonly 0.897002946835875 0.000874443554791868 0.000218610888697967
13108046 9378255 9378716 16731 0.0302849904164505 1.00000000 0.879048437947836 ZDCMB-trgonly 0.990411052555021 0.00757124760411262 0.00189281190102816
13108050 9379329 9380427 16731 0.0763377307713723 1.00000000 0.952637376086158 ZDCMB-trgonly 0.997000661555452 0.0190844326928431 0.00477110817321077
13108070 9396380 9396541 16732 0.0101003000007043 1.00000000 0.370336108541474 ZDCMB-trgonly 0.393554277716845 0.00252507500017607 0.000631268750044018
13108071 9396618 9397172 16732 0.0740489900129973 1.00000000 0.842124342940004 ZDCMB-trgonly 0.874861051547081 0.0185122475032493 0.00462806187581233
13108072 9397231 9398262 16732 0.135008816614875 1.00000000 0.861243260386933 ZDCMB-trgonly 0.930499174033862 0.0337522041537187 0.00843805103842967
13108073 9398342 9398914 16732 0.0630912178983551 1.00000000 0.751425427628288 ZDCMB-trgonly 0.844008828776965 0.0157728044745888 0.0039432011186472
13108074 9398985 9400822 16732 0.241902508421228 1.00000000 0.943879877532408 ZDCMB-trgonly 0.99310660238871 0.0604756271053071 0.0151189067763268
13108075 9400893 9401284 16732 0.0323945998857513 1.00000000 0.625143231298085 ZDCMB-trgonly 0.972993818995701 0.00809864997143783 0.00202466249285946
13108076 9401971 9402905 16732 0.112980940203803 1.00000000 0.936151539530461 ZDCMB-trgonly 0.983704181106636 0.0282452350509507 0.00706130876273769
13108077 9402957 9403115 16732 0.0174061297862685 1.00000000 0.888526119402985 ZDCMB-trgonly 0.911418521292468 0.00435153244656713 0.00108788311164178
13108078 9403359 9403415 16732 0.00447141804392666 1.00000000 0.641357027463651 ZDCMB-trgonly 0.651130026252596 0.00111785451098166 0.000279463627745416
13108079 9403534 9404419 16732 0.102362601882637 1.00000000 0.945311230294165 ZDCMB-trgonly 0.993387122315943 0.0255906504706592 0.0063976626176648
13108080 9404490 9405180 16732 0.0686733957753363 1.00000000 0.96585640016861 ZDCMB-trgonly 1 0.0171683489438341 0.00429208723595852
13109014 9435199 9437158 16735 0.248951391459883 1.00000000 0.940656389021012 ZDCMB-trgonly 0.998128474996224 0.0622378478649708 0.0155594619662427
13109015 9437221 9439249 16735 0.24816047177497 1.00000000 0.967157081289939 ZDCMB-trgonly 0.997626408687603 0.0620401179437425 0.0155100294859356
13109016 9439308 9441138 16735 0.211533208666674 1.00000000 0.956897764027563 ZDCMB-trgonly 0.997429974835707 0.0528833021666685 0.0132208255416671
13109017 9441322 9441763 16735 0.0397865333628377 1.00000000 0.787631831255992 ZDCMB-trgonly 0.974811071394188 0.00994663334070942 0.00248665833517735
13109018 9441920 9442241 16735 0.0353469619024822 1.00000000 0.953493402552455 ZDCMB-trgonly 0.986966067790202 0.00883674047562054 0.00220918511890513
13109025 9443689 9444158 16735 0.0460854969824913 1.00000000 0.88812853317465 ZDCMB-trgonly 0.982735800370633 0.0115213742456228 0.0028803435614057
13109026 9444228 9445781 16735 0.158575673554868 1.00000000 0.939621226326645 ZDCMB-trgonly 0.99603608680386 0.0396439183887171 0.00991097959717928
13109027 9445843 9446385 16735 0.0556066569756753 1.00000000 0.964879852125693 ZDCMB-trgonly 0.993085318906541 0.0139016642439188 0.0034754160609797
