13077064 6723967 6724131 16582 2.14099308618236e-07 45287.39843750 0.842272339619066 ZDCMB-trgonly 0.959212283229072 4.90240850136135e-08 1.12223118720653e-08
13077066 6724239 6724779 16582 8.03050955388883e-07 44883.69921875 0.870557601930649 ZDCMB-trgonly 0.992475932827602 1.83881202425775e-07 4.20930283647185e-08
13077067 6724839 6725836 16582 1.57637968558154e-06 43805.35937500 0.882343268242549 ZDCMB-trgonly 0.996153360129878 3.60956661740011e-07 8.2628125118931e-08
13077068 6725897 6726955 16582 1.74288617202591e-06 42118.89843750 0.887313034535727 ZDCMB-trgonly 0.995224800093616 3.99083025619692e-07 9.13557932821779e-08
13077069 6726995 6728181 16582 1.99708239819101e-06 40655.88281250 0.893231933716169 ZDCMB-trgonly 0.995921227062442 4.5728843264358e-07 1.04679840637293e-07
13077070 6728283 6728839 16582 8.94967887629537e-07 38926.17968750 0.893864406307072 ZDCMB-trgonly 0.992253922852467 2.04928180715608e-07 4.6910981708825e-08
13077073 6729855 6731140 16582 2.11013012320675e-06 37234.78125000 0.90635285763948 ZDCMB-trgonly 0.996615397541345 4.83173902884166e-07 1.10605393759075e-07
13077075 6731275 6732081 16582 1.28956962106164e-06 35700.41796875 0.909172344183699 ZDCMB-trgonly 0.994212845141489 2.95283395083859e-07 6.75945782435945e-08
13077076 6732118 6732988 16582 1.20108539255381e-06 34945.14062500 0.910305026572188 ZDCMB-trgonly 0.99419072658999 2.75022431287534e-07 6.29565548212738e-08
13077077 6733165 6733222 16582 8.71761889428184e-08 33854.16015625 0.835619328972357 ZDCMB-trgonly 0.906172854589129 1.99614511857959e-08 4.5694607163765e-09
13077078 6733271 6734638 16582 2.07081246909466e-06 33854.53906250 0.916377100060725 ZDCMB-trgonly 0.996393741732075 4.74171015251475e-07 1.08544504448542e-07
13077079 6734852 6734913 16582 9.42873230827972e-08 32437.21875000 0.854301863093992 ZDCMB-trgonly 0.910515140741672 2.15897462366835e-08 4.94220066401095e-09
13077081 6735026 6736019 16582 1.64309175516004e-06 32170.38085938 0.922938037628226 ZDCMB-trgonly 0.995654587005878 3.76232274685975e-07 8.61249306680598e-08
13078001 6736060 6737089 16582 1.71685300965543e-06 31411.78125000 0.925205071702989 ZDCMB-trgonly 0.995708690753666 3.93121997658134e-07 8.99912290104709e-08
13078002 6737137 6738036 16582 1.54303448554537e-06 30618.98046875 0.931708940816191 ZDCMB-trgonly 0.98720253943398 3.53321336189829e-07 8.08802902629598e-08
13078003 6738184 6739199 16582 1.66281818835565e-06 29865.14062500 0.929474575167654 ZDCMB-trgonly 0.996117047557188 3.80749198837846e-07 8.71589189927922e-08
13078004 6739451 6740153 16582 1.14436357198283e-06 28925.75976562 0.92020877067966 ZDCMB-trgonly 0.980417024902527 2.62034368076378e-07 5.99834020142563e-08
13078006 6740870 6741997 16582 1.68892824664496e-06 28167.74023438 0.8312319906625 ZDCMB-trgonly 0.882872176040502 3.86727834292332e-07 8.8527513870616e-08
13078007 6743564 6744638 16582 1.77165554466435e-06 26498.05859375 0.932493795126354 ZDCMB-trgonly 0.986866190894925 4.05670586220039e-07 9.28637798057958e-08
13078009 6745487 6746551 16582 1.8260804620358e-06 27097.50000000 0.933526247147049 ZDCMB-trgonly 0.990679140703452 4.1813270855615e-07 9.5716537249506e-08
13078011 6747151 6748304 16582 1.80787838969123e-06 27098.69921875 0.874183110208743 ZDCMB-trgonly 0.923549447701749 4.13964829884316e-07 9.47624504106131e-08
13078012 6748524 6749751 16582 1.84554307922198e-06 26492.68164062 0.839476382185992 ZDCMB-trgonly 0.887331969618817 4.2258922457986e-07 9.67366972926164e-08
13078014 6750407 6750974 16582 9.57884196978136e-07 25864.00000000 0.925474368676252 ZDCMB-trgonly 0.976843440973885 2.19334647126709e-07 5.02088272268986e-08
13078028 6793334 6794466 16586 1.63830289459102e-05 4998.94384766 0.868302092896238 ZDCMB-trgonly 0.983541373467331 3.84448744492833e-06 8.98883202211592e-07
13078035 6795790 6797208 16586 2.38891005861038e-05 4524.25195312 0.900847954876687 ZDCMB-trgonly 0.997374619996361 5.60588323301676e-06 1.31071679746695e-06
13078036 6797342 6798051 16586 0.0150013697081274 3.43941450 0.907330065393345 ZDCMB-trgonly 0.994947294888744 0.00352026341954437 0.000823076079845894
13078037 6798104 6798534 16586 0.0077318460844655 3.35686874 0.835121137470176 ZDCMB-trgonly 0.90872257697327 0.00181437665134971 0.000424221100405643
13078039 6799458 6799708 16586 0.00468143845191578 3.25121450 0.855585548172757 ZDCMB-trgonly 0.926544812820936 0.00109855945515422 0.000256855212824673
13078040 6799769 6800942 16586 0.0251874230199611 3.22287202 0.909325256604409 ZDCMB-trgonly 0.988505144062857 0.00591055121064852 0.00138195150203238
13078041 6800982 6801467 16586 0.00871555912350936 3.14251852 0.843129527455617 ZDCMB-trgonly 0.91126674682997 0.00204521750748825 0.00047819421670254
13078042 6801632 6802316 16586 0.0145380623096536 3.11072135 0.90372064276885 ZDCMB-trgonly 0.977741964059026 0.00341154240815779 0.0007976559185727
13078043 6802364 6803340 16586 0.012535317495948 3.08911180 0.915481868423045 ZDCMB-trgonly 0.97278671888067 0.00294157270248815 0.000687771862498577
13078045 6803438 6804721 16586 0.0277881913445774 3.01206398 0.920948896327698 ZDCMB-trgonly 0.990342628475772 0.0065208547878543 0.00152464715175381
13078047 6804852 6805706 16586 0.0152858474640801 2.95179844 0.906130684067372 ZDCMB-trgonly 0.974697048882595 0.00358701976629394 0.000838684443663901
13078048 6805832 6806753 16586 0.0162768453705604 2.90792799 0.91365586331738 ZDCMB-trgonly 0.977351583425162 0.00381957010982273 0.000893057256805047
13078049 6806833 6806913 16586 0.00136050274421302 2.86432004 0.718000538938292 ZDCMB-trgonly 0.758471790476928 0.000319259383364711 7.46463347756672e-05
13078050 6807074 6807890 16586 0.0141624024627058 2.85607195 0.91576103094008 ZDCMB-trgonly 0.981014354460014 0.00332338901662543 0.000777044691718272
13078051 6807931 6809439 16586 0.0325920537156154 2.82553124 0.928271028037383 ZDCMB-trgonly 0.990326285672293 0.0076481425826567 0.00178821936451855
13078052 6809481 6810855 16586 0.029991945515433 2.76364326 0.930114845978942 ZDCMB-trgonly 0.990929245625803 0.00703799391209895 0.00164555993366526
13078054 6811837 6813012 16586 0.0253454594921187 2.66945434 0.925794832474457 ZDCMB-trgonly 0.985426604237077 0.00594763649170715 0.00139062244625328
13078055 6813047 6814122 16586 0.0232796988191586 2.62408948 0.925795651567389 ZDCMB-trgonly 0.984168720278854 0.00546287930806045 0.00127728091613429
13078056 6814730 6814806 16586 0.00123714946087869 2.53956461 0.699132427565886 ZDCMB-trgonly 0.740586271108655 0.000290312956508284 6.78783436616335e-05
13078057 6814851 6815913 16586 0.0229004230965387 2.53153276 0.926427591779453 ZDCMB-trgonly 0.981590323984243 0.00537387740501844 0.00125647129801084
13078058 6815990 6817186 16586 0.0261493198954055 2.49755526 0.940933746609841 ZDCMB-trgonly 0.995339551359707 0.00613627262475156 0.00143472763680279
13078060 6817535 6818727 16586 0.0259640788397776 2.42940474 0.940717690942094 ZDCMB-trgonly 0.995931161968013 0.00609280343996296 0.00142456406608497
13079020 6834145 6834719 16587 0.012781406503311 4.24480009 0.85309441246306 ZDCMB-trgonly 0.972822437626701 0.0024144089666161 0.000441732629204586
13079021 6835295 6835710 16587 0.00930011751537885 4.13930702 0.861750500950522 ZDCMB-trgonly 0.965645045330044 0.00175679312866682 0.000321417315137869
13079022 6836516 6837116 16587 0.0131991856993486 4.04897594 0.854017590604087 ZDCMB-trgonly 0.952460324785504 0.00249332749852553 0.00045617131423075
13079023 6839114 6839300 16587 0.00394227533959112 3.86730385 0.837283846478279 ZDCMB-trgonly 0.921154594624105 0.000744696205876296 0.000136247262799667
13079024 6839437 6839591 16587 0.00200962703689974 3.83971524 0.517421519923898 ZDCMB-trgonly 0.888064518712201 0.000379618748233065 6.94538456703011e-05
13079029 6841823 6844077 16587 0.0508514837862189 3.66519523 0.912449350205496 ZDCMB-trgonly 0.998309097860504 0.00960585037236513 0.0017574560065844
13079030 6844151 6844271 16587 0.000648549010651226 3.54308319 0.209214348442883 ZDCMB-trgonly 0.226526749160884 0.000122510972966918 2.24142201852969e-05
13079031 6844577 6845477 16587 0.0172418519848393 3.51246238 0.833884906755337 ZDCMB-trgonly 0.905237901440454 0.00325698756412133 0.000595888144833384
13079032 6845587 6847743 16587 0.0472030831986611 3.48007846 0.903786188609562 ZDCMB-trgonly 0.981313105636069 0.00891666713653539 0.00163136522123022
13079033 6847932 6849380 16587 0.0319457984345249 3.37920308 0.918335059406404 ZDCMB-trgonly 0.99414078543012 0.0060345645188616 0.00110406484066263
13079034 6849430 6850362 16587 0.0209563030085797 3.30359983 0.925442197817236 ZDCMB-trgonly 0.995934156620898 0.00395864773395101 0.000724261670575133
13079035 6850561 6851541 16587 0.0216906813583896 3.24178553 0.925925610762698 ZDCMB-trgonly 0.995622361168785 0.00409737187766794 0.000749642201208316
13079036 6851723 6852764 16587 0.0231602558064395 3.16499996 0.930488424295054 ZDCMB-trgonly 0.995299714962762 0.004374974637862 0.000800431524322387
13079037 6853505 6854803 16587 0.028258650834497 3.02317119 0.935254134557104 ZDCMB-trgonly 0.996423699750733 0.00533806196850157 0.000976634936668597
13079038 6854859 6856078 16587 0.0193696751951781 2.93683052 0.684370810208768 ZDCMB-trgonly 0.974470561228431 0.00365893358133666 0.000669426917028918
13079040 6856759 6856936 16587 0.00243243863007264 2.82580948 0.669249741146714 ZDCMB-trgonly 0.831790171388376 0.000459487900464585 8.40664531843537e-05
13079044 6858188 6858609 16587 0.00835265432639459 2.75111508 0.863313651901609 ZDCMB-trgonly 0.989943289292954 0.00157781723752137 0.000288672452087299
